# callgrind format
version: 1
creator: callgrind-3.13.0
pid: 2397
cmd:  ./a.out
part: 1


desc: I1 cache: 
desc: D1 cache: 
desc: LL cache: 

desc: Timerange: Basic block 0 - 53220
desc: Trigger: Program termination

positions: line
events: Ir
summary: 237080


ob=(1) /lib/x86_64-linux-gnu/ld-2.27.so
fl=(33) /build/glibc-OTsEL5/glibc-2.27/string/../sysdeps/x86_64/strcspn.S
fn=(100) strcspn
30 1
+7 1
+1 1
+2 1
+1 1
+1 1
+1 1
+1 33
+3 2
+7 1
+1 1
+1 1
+1 1
+2 1
+1 1
+1 1
+1 1
+2 1
+1 1
+1 1
+9 3
+12 1
+2 1
+1 1
+1 1
-4 11
+2 11
+1 11
+1 11
+2 12
+1 12
+1 12
+2 12
+1 12
+1 12
+2 12
+1 12
+1 12
+2 1
+1 1
+1 1
+2 1
+7 1
+4 1

fl=(78) /build/glibc-OTsEL5/glibc-2.27/elf/dl-init.c
fn=(290) _dl_init
79 11
+5 1
-4 1
+1 1
+3 2
+8 2
+25 2
+1 12
+1 12
-89 12
+9 3
-3 6
+3 9
+5 6
+5 2
+9 6
cob=(3) /lib/x86_64-linux-gnu/libc-2.27.so
cfi=(80) /build/glibc-OTsEL5/glibc-2.27/csu/../csu/init-first.c
cfn=(302) _init
calls=1 -6 
* 201
* 1
+4 2
+6 2
+2 2
-2 1
+3 1
-1 1
+1 5
+1 4
cob=(3)
cfi=(86) /build/glibc-OTsEL5/glibc-2.27/string/../sysdeps/x86/cacheinfo.c
cfn=(316) init_cacheinfo
calls=1 488 
* 1773
* 1
-1 2
+47 3
+7 8
-80 3
-5 3
-10 3
+57 2
-48 1
-3 2
+3 3
+5 3
+5 2
+9 7
cob=(2) ???
cfi=(18) ???
cfn=(292) 0x0000000004a2a520
calls=1 -58 
* 6
* 1
+3 1
+1 2
+6 1
+2 2
-2 2
+3 8
+1 4
cob=(4) /usr/lib/valgrind/vgpreload_core-amd64-linux.so
cfi=(79) ???
cfn=(296) 0x0000000000000640
calls=1 -72 
* 17
-1 5

fl=(21) /build/glibc-OTsEL5/glibc-2.27/string/../sysdeps/x86_64/strcmp.S
fn=(56) strcmp
144 211
+1 211
+2 211
+1 211
+21 211
+1 211
+1 134
+1 134
+1 117
+1 117
+1 117
+1 117
+21 117
+1 117
+1 117
+1 117
+1 117
+1 117
+1 117
+5 5
+1 5
+9 5
+1 5
+1 5
+1 5
+1 5
+1 5
+1 5
+1 5
-7 94
+1 94
+1 94
+1 94
+1 94
+1 94
+1 94
+1 94
+1 34
+1 16
+1 16
+1 16
+2 16
+1 16
+1 16
+1 16
+1 16
+1 16
-5 18
+1 18
+1 18
+1 18
+1 18
+1 18
+10 65
+1 65
+1 65
+2 65
+6 65
+1 65
+1 65
+1 65
+1 65
+5 65
+2 65
+1 65
+1 130
+8 65
+1 65
+3 65
+1 65
+1 65
+1 65
+1 65
+1 65
696 1
+1 1
+1 1
+1 1
+1 1
+2 1
+1 1
+1 1
+1 1
+1 1
+1 1
+1 1
+1 1
+4 1
+1 1
+1 1
+6 1
+1 1
+1 2
+4 1
+1 1
+3 1
+1 1
+1 1
+3 1
+1 1
+1 1
+6 1
+1 1
+1 1
+1 1
+1 1
+1 1
946 2
+1 2
+1 2
+1 2
+1 2
+2 2
+1 2
+1 2
+1 2
+1 2
+1 2
+1 2
+1 1
+4 1
+1 1
+1 1
+6 1
+1 1
+1 2
+4 1
+1 1
+3 1
+1 1
+1 1
+3 1
+1 1
+1 1
+6 1
+1 1
+1 1
+1 1
+1 1
+1 1
+72 4
+1 4
+1 4
+1 4
+1 4
+2 4
+1 4
+1 4
+1 4
+1 4
+1 4
+1 4
+1 1
+4 1
+1 1
+1 1
+6 1
+1 1
+1 2
+4 1
+1 1
+3 1
+1 1
+1 1
+3 1
+1 1
+1 1
+6 1
+1 1
+1 1
+1 1
+1 1
+1 1
+72 3
+1 3
+1 3
+1 3
+1 3
+2 3
+1 3
+1 3
+1 3
+1 3
+1 3
+1 3
+1 1
+4 1
+1 1
+1 1
+6 1
+1 1
+1 2
+4 1
+1 1
+3 1
+1 1
+1 1
+3 1
+1 1
+1 1
+6 1
+1 1
+1 1
+1 1
+1 1
+1 1
+72 3
+1 3
+1 3
+1 3
+1 3
+2 3
+1 3
+1 3
+1 3
+1 3
+1 3
+1 3
1696 1
+1 1
+1 1
+1 1
+1 1
+2 1
+1 1
+1 1
+1 1
+1 1
+1 1
+1 1
+1 1
+4 1
+1 1
+1 1
+6 1
+1 1
+1 2
+4 1
+1 1
+3 1
+1 1
+1 1
+3 1
+1 1
+1 1
+6 1
+1 1
+1 1
+1 1
+1 1
+1 1
+7 1
+1 1
+2 1
+1 1
+2 1
+1 1
+1 1
+3 1
+1 1
+1 1
+6 1
+1 1
+1 1
+1 1
+1 1
+1 1
+41 13
+1 13
+1 13
+1 13
+1 13
+2 13
+1 13
+1 13
+1 13
+1 13
+1 13
+1 13
+1 13
+4 13
+1 13
+1 13
+6 13
+1 13
+1 26
+4 13
+1 13
+3 13
+1 13
+1 13
+3 13
+1 13
+1 13
+6 13
+1 13
+1 13
+1 13
+1 13
+1 13
+72 5
+1 5
+1 5
+1 5
+1 5
+2 5
+1 5
+1 5
+1 5
+1 5
+1 5
+1 5
+1 1
+4 1
+1 1
+1 1
+6 1
+1 1
+1 2
+4 1
+1 1
+3 1
+1 1
+1 1
+3 1
+1 1
+1 1
+6 1
+1 1
+1 1
+1 1
+1 1
+1 1
+72 2
+1 2
+1 2
+1 2
+1 2
+2 2
+1 2
+1 2
+1 2
+1 2
+1 2
+1 2
2200 84
+2 84
+1 84
+1 84
+1 84
-3 15
+1 15
+1 15
+1 15
+1 48
+5 16
+6 16
+1 16
+8 16
+1 16
-16 195
+6 195
+1 195
+8 195
+1 195

fl=(11) /build/glibc-OTsEL5/glibc-2.27/elf/../sysdeps/unix/sysv/linux/dl-sysdep.c
fn=(62) _dl_discover_osversion
45 4
+2 3
+85 5
-45 3
cfi=(23) /build/glibc-OTsEL5/glibc-2.27/posix/../sysdeps/unix/syscall-template.S
cfn=(64) uname
calls=1 -9 
* 5
* 1
+15 1
-15 1
+20 1
-1 1
+3 12
+4 3
-2 6
+2 9
+7 3
-1 3
+4 3
-2 3
+2 10
+5 2

fl=(1) ???
fn=(0) 0x0000000000001090
0 2
cfi=(2) /build/glibc-OTsEL5/glibc-2.27/elf/rtld.c
cfn=(2) _dl_start
calls=1 444 
0 124056
0 14
cfi=(78)
cfn=(290)
calls=1 79 
0 2173
0 3
cob=(5) /home/felix/Documents/C-Praktikum/Blatt06/Uebungsmaterial/a.out
cfi=(88) ???
cfn=(326) _start
calls=1 0 
0 110832

fl=(28) /build/glibc-OTsEL5/glibc-2.27/string/../sysdeps/x86_64/multiarch/memset-vec-unaligned-erms.S
fn=(76) memset
109 65
+2 13
+1 13
+1 6
+1 6
+2 4
+1 4
+2 4
+55 2
+1 2
+10 2
+1 2
+1 2
+1 2
+1 2
+1 2
+1 2
+1 2
+1 2
+1 2
+1 2
+1 2
+1 2
+1 2
+2 31
+1 31
+1 31
+1 31
+1 31
+1 31
+1 31
+1 2
+15 7
+1 7
+1 7
+1 6
+1 6
+1 2
+1 2
+24 1
+1 1
+2 1
+3 4
+1 4
+2 4
+3 2
+1 2
+2 2

fl=(23)
fn=(64)
78 4
+1 1

fl=(19) /build/glibc-OTsEL5/glibc-2.27/elf/dl-minimal.c
fn=(80) strsep
265 4
+2 2
+1 4
+4 33
+7 84
-2 56
+13 1
+4 2
-7 14
-15 44

fn=(42) calloc
92 8
+8 8
-1 16
-3 8
+4 16
+3 8
cfn=(46) malloc
calls=8 -53 
* 210
* 8

fn=(90) free
111 4

fn=(46)
50 87
+11 42
+3 21
-3 21
+3 42
-3 2
+3 1
-3 1
+3 86
-15 3
+20 4
+1 2
+2 1
+1 8
cfi=(42) /build/glibc-OTsEL5/glibc-2.27/misc/../sysdeps/unix/sysv/linux/mmap64.c
cfn=(132) mmap
calls=1 -29 
* 35
+2 2
+2 3
+2 1
+3 1
-3 2
+4 1
+2 5
-2 21
-1 21
+3 42
-29 1
-1 1
+1 1
+1 2
-2 2

fl=(42)
fn=(132)
44 14
+3 7
-6 84
+6 7
+5 70
+2 49
-7 12

fl=(50) /build/glibc-OTsEL5/glibc-2.27/elf/dl-cache.c
fn=(154) _dl_load_cache_lookup
187 9
+8 2
+3 3
+45 1
+6 2
+11 1
-2 1
fi=(51) /build/glibc-OTsEL5/glibc-2.27/elf/../sysdeps/x86/dl-procinfo.h
39 1
fe=(50)
258 2
fi=(51)
39 3
+3 3
cfi=(21)
cfn=(56)
calls=1 144 
* 24
* 2
fe=(50)
264 4
cfi=(9) /build/glibc-OTsEL5/glibc-2.27/elf/dl-tunables.c
cfn=(26) __tunable_get_val
calls=1 373 
* 18
* 1
fi=(26) /build/glibc-OTsEL5/glibc-2.27/elf/../sysdeps/unix/sysv/linux/not-errno.h
28 2
fe=(50)
264 1
fi=(26)
28 2
fe=(50)
266 2
fi=(26)
32 3
fe=(50)
270 2
+15 1
-15 1
+15 153
cfn=(160) _dl_cache_libcmp
calls=10 141 
* 713
* 67
cfn=(160)
calls=1 141 
* 71
* 7
-84 4
cfi=(36) /build/glibc-OTsEL5/glibc-2.27/elf/dl-misc.c
cfn=(156) _dl_sysdep_read_whole_file
calls=1 44 
* 107
+8 1
-8 1
+8 4
+1 7
+7 1
-3 1
+3 3
+3 1
+1 2
-1 1
+1 1
+1 8
+63 3
+16 2
+4 2
+8 3
cfi=(13) /build/glibc-OTsEL5/glibc-2.27/string/../sysdeps/x86_64/multiarch/../strlen.S
cfn=(28) strlen
calls=1 79 
* 34
* 2
+1 1
-1 4
+1 2
cfi=(20) /build/glibc-OTsEL5/glibc-2.27/string/../sysdeps/x86_64/multiarch/memmove-vec-unaligned-erms.S
cfn=(48) memcpy
calls=1 129 
* 10
+1 2
cfi=(30) /build/glibc-OTsEL5/glibc-2.27/string/strdup.c
cfn=(86) strdup
calls=1 40 
* 80
+1 8
-19 2
-27 4
+1 3
-1 7
+15 16
fi=(51)
42 3
fe=(50)
297 3

fn=(284) _dl_unload_cache
326 4
-1 1
+3 2
cfi=(44) /build/glibc-OTsEL5/glibc-2.27/misc/../sysdeps/unix/syscall-template.S
cfn=(286) munmap
calls=1 78 
* 5
+1 1
+2 2

fn=(160)
141 22
+1 24
+2 216
+20 106
+2 192
+4 43
+1 43
-29 86
+32 3
-28 2
+6 1
+2 1
-1 1
-1 2
+1 1
-1 1
+2 3
+2 3
-3 1
+3 1
+2 2
+9 30

fl=(35) /build/glibc-OTsEL5/glibc-2.27/setjmp/../sysdeps/x86_64/setjmp.S
fn=(110) __sigsetjmp
26 3
+9 3
+1 6
+1 3
+4 3
+1 3
+1 3
+1 3
+1 3
+2 6
+2 3
+1 3
+1 3
+2 6
+2 3
+4 3
+1 3

fl=(25) /build/glibc-OTsEL5/glibc-2.27/elf/dl-hwcaps.c
fn=(68) _dl_important_hwcaps
42 4
+1 1
-1 8
+1 4
-1 1
+1 1
cfi=(9)
cfn=(26)
calls=1 373 
* 18
* 1
+3 3
-3 1
+12 6
+1 3
+1 1
-2 1
+2 1
-2 5
+1 3
+1 1
-2 1
+2 1
-2 5
+10 3
fi=(26)
-37 4
fe=(25)
131 4
-2 1
+17 6
+3 2
329 9
69 3
+77 1
+20 1
-19 1
+36 10
+1 3
-1 2
+1 3
fi=(27) /build/glibc-OTsEL5/glibc-2.27/elf/../sysdeps/x86/dl-hwcap.h
57 6
fe=(25)
186 1
+1 1
cfi=(13)
cfn=(28)
calls=1 79 
* 16
+1 1
-1 1
+1 3
-5 1
+5 1
-5 1
+5 2
-5 5
+8 3
+2 1
+1 6
+4 1
+4 1
-3 1
-1 1
+4 2
+3 4
+4 3
+1 1
-1 5
+1 3
+2 3
+2 2
-1 1
+1 1
-1 1
+2 2
+7 2
+6 11
+1 4
cfi=(19)
cfn=(46)
calls=1 50 
* 18
* 1
+1 1
-1 1
+1 3
+29 13
+3 4
+7 1
+10 12
-4 2
-3 1
+3 1
cfi=(20)
cfn=(74) mempcpy
calls=1 116 
* 16
* 2
-3 1
+3 1
cfi=(20)
cfn=(74)
calls=1 116 
* 16
* 6
+3 7
+1 12
+1 4
cfi=(20)
cfn=(74)
calls=1 116 
* 14
-2 1
+2 2
-2 1
+5 6
cfi=(20)
cfn=(74)
calls=2 116 
* 28
+2 2
-2 4
+2 5
-7 3
+12 1
+1 2
-1 9
+1 14
-1 18
+5 10
+4 3
-4 12
+4 33
+1 12
-1 12
+1 24
-2 12
+1 24
-1 39
+4 6
+5 1
-2 1
+2 1
-1 1
-1 2
+2 1
-1 1
+1 4
+2 6
+1 2
+3 2
-6 5
+13 8
+1 1
-1 2
+3 2
-3 3
+1 3
-1 6
+3 6
+3 3
+2 2
-15 2
-6 3
-42 2

fl=(46) /build/glibc-OTsEL5/glibc-2.27/io/../sysdeps/unix/sysv/linux/close.c
fn=(142) close
27 12
+1 3

fl=(54) /build/glibc-OTsEL5/glibc-2.27/elf/dl-reloc.c
fn=(180) _dl_relocate_object
148 40
+15 4
-15 8
+15 4
+1 20
+6 12
+6 16
+1 8
-19 6
+22 6
+7 4
-32 4
+32 4
+44 4
fi=(5) /build/glibc-OTsEL5/glibc-2.27/elf/../sysdeps/x86_64/dl-machine.h
76 4
fe=(54)
231 8
fi=(5)
76 12
fe=(54)
258 146
-99 2
fi=(5)
481 6
fe=(54)
159 4
+99 2
fi=(4) /build/glibc-OTsEL5/glibc-2.27/elf/do-rel.h
48 2
fe=(54)
258 2
fi=(4)
47 2
+11 2
-11 2
+11 2
-11 2
+11 2
fe=(54)
258 2
-99 2
fi=(5)
481 6
fe=(54)
159 4
+99 2
fi=(4)
48 2
fe=(54)
258 2
fi=(4)
47 2
+11 2
-11 2
+11 2
-11 2
+11 2
fe=(54)
258 4
fi=(4)
48 4
fe=(54)
258 4
fi=(4)
47 4
+11 4
-11 4
+11 4
-11 4
+11 4
+26 6
+14 12
-15 12
+3 24
+12 6
+10 8
+10 18
+6 5
-3 10
+3 5
fi=(5)
491 3
fi=(4)
51 3
fi=(5)
491 3
fi=(4)
50 6
+77 432
+12 216
-3 324
fi=(5)
276 108
fi=(4)
139 108
-2 108
-1 108
+1 108
+1 108
-1 216
fi=(5)
276 108
+21 216
+4 216
+7 432
fi=(55) /build/glibc-OTsEL5/glibc-2.27/elf/../sysdeps/generic/ldsodefs.h
102 273
fi=(5)
308 1728
fi=(4)
138 88
fi=(5)
308 176
fi=(4)
138 88
fi=(5)
308 88
fi=(4)
138 88
fi=(5)
308 1232
cfi=(6) /build/glibc-OTsEL5/glibc-2.27/elf/dl-lookup.c
cfn=(188) _dl_lookup_symbol_x
calls=88 790 
* 49576
* 528
+2 273
+25 648
fi=(4)
74 4
+1 7
+1 78
fi=(5)
551 39
+24 78
+2 39
cob=(3)
cfi=(77) /build/glibc-OTsEL5/glibc-2.27/time/../sysdeps/unix/sysv/linux/x86/gettimeofday.c
cfn=(274) gettimeofday
calls=1 42 
* 77
cob=(3)
cfi=(58) /build/glibc-OTsEL5/glibc-2.27/string/../sysdeps/x86_64/multiarch/ifunc-strcasecmp.h
cfn=(270) strncasecmp_l
calls=1 32 
* 6
cob=(3)
cfi=(60) /build/glibc-OTsEL5/glibc-2.27/string/../sysdeps/x86_64/multiarch/ifunc-avx2.h
cfn=(268) strchrnul
calls=1 32 
* 8
cob=(3)
cfi=(57) /build/glibc-OTsEL5/glibc-2.27/string/../sysdeps/x86_64/multiarch/ifunc-unaligned-ssse3.h
cfn=(266) stpcpy
calls=1 33 
* 9
cob=(3)
cfi=(57)
cfn=(264) stpncpy
calls=1 33 
* 9
cob=(3)
cfi=(70) /build/glibc-OTsEL5/glibc-2.27/string/../sysdeps/x86_64/multiarch/ifunc-sse4_2.h
cfn=(262) strspn
calls=1 30 
* 6
cob=(3)
cfi=(64) /build/glibc-OTsEL5/glibc-2.27/wcsmbs/../sysdeps/x86_64/multiarch/ifunc-avx2.h
cfn=(260) wcslen
calls=1 32 
* 8
cob=(3)
cfi=(60)
cfn=(258) memchr
calls=1 32 
* 8
cob=(3)
cfi=(58)
cfn=(254) strcasecmp_l
calls=1 32 
* 6
cob=(3)
cfi=(60)
cfn=(252) memrchr
calls=1 32 
* 8
cob=(3)
cfi=(60)
cfn=(250) strlen
calls=1 32 
* 8
cob=(3)
cfi=(74) /build/glibc-OTsEL5/glibc-2.27/string/../sysdeps/x86_64/multiarch/strchr.c
cfn=(248) index
calls=1 40 
* 8
cob=(3)
cfi=(70)
cfn=(246) strpbrk
calls=1 30 
* 6
cob=(3)
cfi=(73) /build/glibc-OTsEL5/glibc-2.27/wcsmbs/../sysdeps/x86_64/multiarch/ifunc-wmemset.h
cfn=(244) wmemset
calls=2 32 
* 26
cob=(3)
cfi=(72) /build/glibc-OTsEL5/glibc-2.27/wcsmbs/../sysdeps/x86_64/multiarch/wcsnlen.c
cfn=(242) wcsnlen
calls=1 40 
* 7
cob=(3)
cfi=(56) /build/glibc-OTsEL5/glibc-2.27/string/../sysdeps/x86_64/multiarch/ifunc-memmove.h
cfn=(240) memcpy@@GLIBC_2.14
calls=1 44 
* 16
cob=(3)
cfi=(57)
cfn=(238) strcpy
calls=1 33 
* 9
cob=(3)
cfi=(58)
cfn=(234) strncasecmp
calls=1 32 
* 6
cob=(3)
cfi=(70)
cfn=(232) strcspn
calls=1 30 
* 6
cob=(3)
cfi=(60)
cfn=(230) strnlen
calls=2 32 
* 16
cob=(3)
cfi=(64)
cfn=(228) wcschr
calls=2 32 
* 16
cob=(3)
cfi=(69) /build/glibc-OTsEL5/glibc-2.27/string/../sysdeps/x86_64/multiarch/ifunc-memset.h
cfn=(226) memset
calls=1 42 
* 18
cob=(3)
cfi=(68) /build/glibc-OTsEL5/glibc-2.27/string/../sysdeps/x86_64/multiarch/strcmp.c
cfn=(224) strcmp
calls=1 38 
* 9
cob=(3)
cfi=(67) /build/glibc-OTsEL5/glibc-2.27/string/../sysdeps/x86_64/multiarch/strncmp.c
cfn=(222) strncmp
calls=1 38 
* 8
cob=(3)
cfi=(65) /build/glibc-OTsEL5/glibc-2.27/string/../sysdeps/x86_64/multiarch/ifunc-memcmp.h
cfn=(218) bcmp
calls=1 33 
* 13
cob=(3)
cfi=(56)
cfn=(216) mempcpy
calls=1 44 
* 16
cob=(3)
cfi=(64)
cfn=(214) wmemchr
calls=2 32 
* 16
cob=(3)
cfi=(60)
cfn=(212) rawmemchr
calls=1 32 
* 8
cob=(3)
cfi=(61) /build/glibc-OTsEL5/glibc-2.27/time/../sysdeps/unix/sysv/linux/x86/time.c
cfn=(206) time
calls=1 43 
* 77
cob=(3)
cfi=(60)
cfn=(204) rindex
calls=1 32 
* 8
cob=(3)
cfi=(57)
cfn=(202) strcat
calls=1 33 
* 9
cob=(3)
cfi=(58)
cfn=(198) strcasecmp
calls=1 32 
* 6
cob=(3)
cfi=(57)
cfn=(196) strncpy
calls=1 33 
* 9
cob=(3)
cfi=(56)
cfn=(194) memmove
calls=2 44 
* 32
-26 39
+27 39
fi=(4)
75 121
fe=(54)
258 2
fi=(4)
75 14
fe=(54)
258 14
+3 16
+24 4
+3 8
+17 12
+8 20
+3 4
-3 4
+3 4
+4 8
+1 12
cfi=(44)
cfn=(136) mprotect
calls=4 78 
* 20
* 8
-14 32
fi=(5)
131 6
458 364
fi=(4)
124 324
+19 15
fi=(5)
430 51
+4 68
+5 17
+9 17
-9 34
+9 34
308 34
+5 17
-3 34
+3 138
-3 174
+3 261
-5 36
fi=(4)
61 4
-10 2
-1 4
fi=(5)
551 16
+4 16
+2 24
+1 8
fi=(4)
61 141
+2 188
+2 119
+46 9
fi=(5)
541 1243
fi=(4)
111 1243
fi=(5)
541 1243
fi=(4)
111 1243
fi=(5)
541 1243
fi=(4)
111 1243
fi=(5)
535 1243
fi=(4)
112 2486
fi=(5)
535 2486
+5 2486
fi=(4)
50 1
160 1
51 1
160 4
+2 20
+9 10
-1 5
+1 5
-1 10
fi=(5)
276 5
fi=(4)
170 15
fi=(5)
276 5
+21 10
+4 10
+7 20
fi=(55)
102 15
fi=(5)
308 170
cfi=(6)
cfn=(188)
calls=5 790 
* 2413
* 35
+2 15
+25 30
fe=(54)
-77 10
fi=(5)
82 4
+4 6
+14 2
-8 2
+8 4
+20 4
+4 8
-2 4
458 20
fi=(4)
160 17
+14 2
fi=(5)
313 1
-3 2
+3 3
-5 87
fe=(54)
180 3
fi=(5)
308 6
fe=(54)

fl=(47) /build/glibc-OTsEL5/glibc-2.27/io/../sysdeps/unix/sysv/linux/access.c
fn=(144) access
27 7
+4 1

fl=(29) /build/glibc-OTsEL5/glibc-2.27/string/../sysdeps/x86_64/multiarch/../strchr.S
fn=(84) index
24 6
+1 6
+1 6
+1 6
+1 6
+1 6
+1 6
+1 6
+1 6
+1 6
+1 6
+1 6
+1 6
+1 6
+1 6
+1 6
+1 6
+1 4
+4 4
+1 4
+1 4
+1 4
+2 4
+4 2
+1 2
+1 2
+1 2
+1 2
+1 2
+1 2
+1 2
+1 2
+1 2
+1 2
+1 2
+1 2
+1 2
+1 2
+1 2
+1 2
+1 2
+1 2
+1 2
+1 2
+1 2
+1 2
+1 2
+52 2
+4 2
+1 2
+1 2
+1 2
+2 2

fl=(9)
fn=(26)
373 102
+4 17
-4 66
+9 3
+1 3
-6 14
+22 85
+2 17

fn=(16) __GI___tunables_init
289 8
-9 3
150 4
-82 200
+6 65
-3 65
+3 5715
+4 130
+5 65
297 65
83 65
297 65
fi=(10) /build/glibc-OTsEL5/glibc-2.27/elf/dl-tunables.h
121 130
-1 50
+1 20
-1 8
+1 32
-1 40
fe=(9)
330 260
-12 7150
fi=(10)
120 2340
+1 2436
-1 120
fe=(9)
312 5785
68 130
364 8

fl=(13)
fn=(28)
79 14
+1 14
+1 14
+1 14
+1 14
+1 14
+1 14
+2 14
+2 14
+31 14
+1 14
+1 14
+1 14
+1 14
+1 8
+2 8
+4 6
+1 6
+1 6
+1 6
+1 6
+1 6
+1 6
+1 6
+1 6
+1 6
+1 6
+1 6
+5 48

fl=(14) /build/glibc-OTsEL5/glibc-2.27/elf/../misc/sbrk.c
fn=(30) sbrk
32 4
+8 6
+4 2
+16 5

fl=(36)
fn=(156)
44 2
+3 1
-3 3
+3 1
-3 3
+3 1
cfi=(37) /build/glibc-OTsEL5/glibc-2.27/io/../sysdeps/unix/sysv/linux/wordsize-64/lxstat.c
cfn=(120) open
calls=1 -8 
* 16
+1 2
+2 5
cfi=(41) /build/glibc-OTsEL5/glibc-2.27/io/../sysdeps/unix/sysv/linux/wordsize-64/fxstat.c
cfn=(130) _fxstat
calls=1 -16 
* 10
* 2
+2 1
+3 1
-3 1
+3 1
+13 2
cfi=(46)
cfn=(142)
calls=1 -41 
* 5
+3 7
-14 6
cfi=(42)
cfn=(132)
calls=1 -13 
* 35
* 2

fn=(116) _dl_name_match_p
282 230
+1 92
cfi=(21)
cfn=(56)
calls=46 144 
* 1188
* 46
+1 46
-1 46
+3 46
+2 92
+6 43
+1 215
-3 47
-4 94
+1 150
cfi=(21)
cfn=(56)
calls=50 144 
* 1362
* 100
+6 3
-11 3
+11 12

fl=(121) /build/glibc-OTsEL5/glibc-2.27/elf/dl-fini.c
fn=(502) _dl_fini
30 8
+20 3
-3 6
+3 4
+3 2
cfi=(2)
cfn=(52) rtld_lock_default_lock_recursive
calls=1 784 
* 2
+2 1
+3 2
+2 8
+8 1
-3 1
+8 1
-5 6
+7 8
+2 8
+2 8
+1 4
+1 4
+4 4
-12 12
+14 6
+1 4
+6 3
cfi=(52) /build/glibc-OTsEL5/glibc-2.27/elf/dl-sort-maps.c
cfn=(164) _dl_sort_maps
calls=1 -66 
* 253
+10 2
cfi=(2)
cfn=(54) rtld_lock_default_unlock_recursive
calls=1 790 
* 2
+5 6
+2 1
+2 3
-2 3
+2 9
+3 8
+3 12
+4 4
+11 2
+1 2
-1 2
+2 2
-2 2
+2 2
+1 14
+1 2
cob=(4)
cfi=(79)
cfn=(526) 0x0000000000000600
calls=1 0 
* 95
cob=(5)
cfi=(88)
cfn=(504) 0x0000000000000720
calls=1 0 
* 95
* 2
-1 6
+5 4
+1 6
cob=(2)
cfi=(18)
cfn=(542) 0x0000000004a2a7a8
calls=1 0 
* 3
cob=(2)
cfi=(18)
cfn=(524) 0x00000000001090f4
calls=1 0 
* 3
+6 24
+16 8
-56 10
+62 6
+6 2
+7 8
-90 7
+26 6

fl=(12) /build/glibc-OTsEL5/glibc-2.27/elf/../sysdeps/unix/sysv/linux/x86_64/brk.c
fn=(22) brk
31 7
+8 1
-6 2
+7 1

fl=(8) /build/glibc-OTsEL5/glibc-2.27/elf/../sysdeps/x86/cpu-features.c
fn=(24) get_common_indeces.constprop.1
34 2
+4 4
+3 3
+4 1
-4 1
+4 1
-4 1
+3 1
+1 2
+1 4
+1 4
+1 3
+1 2
+7 2
+1 7
+7 3
+4 2
+2 4
+40 2
+4 4
+1 2
+3 1
+7 1
-8 1
+4 1
+2 1
-2 1
+4 2
+3 2
+50 3
74 2
+3 3
+3 1
-3 1
+3 1
+2 3
+2 2
+7 3
-5 3

fl=(2)
fn=(98) handle_ld_preload
837 8
+1 1
-1 1
-75 1
+86 1
-86 4
+80 2
+3 3
cfi=(33)
cfn=(100)
calls=1 30 
* 218
* 1
+1 3
+9 1
121 1
857 2
121 2
859 2
-97 5
-10 1
+4 1
+1 1
+1 1
+2 1
+2 1
cfi=(34) /build/glibc-OTsEL5/glibc-2.27/elf/dl-error-skeleton.c
cfn=(104) _dl_catch_error
calls=1 213 
* 2201
* 1
+1 3
+8 4
+71 2
+21 9
-15 4
cfi=(20)
cfn=(48)
calls=1 129 
* 18
+1 2

fn=(52)
784 5
+1 5

fn=(112) map_doit
588 1
+2 1
-2 1
+3 2
-1 3
+1 3
cfi=(24) /build/glibc-OTsEL5/glibc-2.27/elf/dl-load.c
cfn=(114) _dl_map_object
calls=1 2080 
* 2113
* 1
+2 2

fn=(54)
790 5
+1 5

fn=(2)
444 9
+19 4
fi=(3) /build/glibc-OTsEL5/glibc-2.27/elf/get-dynamic-info.h
48 1
fe=(2)
463 1
fi=(5)
59 3
fi=(3)
-11 1
fe=(2)
489 1
-3 1
fi=(3)
48 1
+25 2
-3 1
-7 1
+5 1
+3 1
+2 1
-6 1
+3 1
-3 2
-3 16
+10 4
-26 12
+16 13
+10 13
-26 39
+26 1
-26 3
+2 36
+13 20
+2 4
+16 2
+20 4
+1 4
+1 4
+1 4
+2 4
+5 4
+1 4
+1 4
+6 3
+5 2
+7 3
+1 3
+8 3
+3 3
+4 2
+1 2
fe=(2)
500 2
393 1
507 1
393 1
cfi=(6)
cfn=(10) _dl_setup_hash
calls=1 939 
* 23
+1 2
+1 2
+1 2
+1 2
+8 1
+9 1
-9 3
+9 1
-6 1
-3 1
+9 1
cfi=(7) /build/glibc-OTsEL5/glibc-2.27/elf/../elf/dl-sysdep.c
cfn=(12) _dl_sysdep_start
calls=1 88 
* 123024
* 1
+9 4
+3 1
+4 1
-4 1
+4 1
532 9
-27 27
fi=(4)
84 1
+27 1
-28 1
+28 2
+1 2
fi=(5)
540 2
fi=(4)
112 76
fi=(5)
540 76
+1 39
fi=(4)
111 39
fi=(5)
541 39
fi=(4)
111 39
fi=(5)
541 39
fi=(4)
111 39
+5 2
+8 1
fi=(5)
335 1
+87 1
fi=(4)
124 2
+12 1
+3 1
-3 1
+3 1
-3 1
fi=(5)
301 1
fi=(4)
137 1
fi=(5)
301 1
fi=(4)
137 1
fi=(5)
301 1
fi=(4)
136 8
+3 8
-3 8
+3 8
-3 8
fi=(5)
301 8
fi=(4)
137 8
fi=(5)
301 8
fi=(4)
137 8
fi=(5)
301 8
+9 27
+3 9
-3 18
+3 27
+22 54
fi=(3)
68 4
fi=(4)
+56 28
fi=(5)
354 27
fi=(3)
71 4
+1 1
+1 2
fe=(2)

fn=(32) dl_main
870 1
+17 1
-17 10
+17 1
+4 1
-21 1
2471 1
891 1
+1 1
2466 1
892 1
+5 1
2471 1
897 1
2464 2
+7 3
-4 1
+4 3
+2 2
cfi=(15) /build/glibc-OTsEL5/glibc-2.27/elf/dl-environ.c
cfn=(34) _dl_next_ld_env_entry
calls=1 29 
* 66
* 4
cfi=(15)
cfn=(34)
calls=2 29 
* 374
* 9
+4 6
-2 2
+2 42
+1 19
-1 57
+3 4
+6 14
+76 3
+1 4
cfi=(16) /build/glibc-OTsEL5/glibc-2.27/string/../sysdeps/x86_64/memcmp.S
cfn=(36) bcmp
calls=1 24 
* 31
* 2
-56 2
+7 4
cfi=(16)
cfn=(36)
calls=1 24 
* 36
* 2
+2 3
2635 3
+32 3
907 3
1108 7
cfi=(17) /build/glibc-OTsEL5/glibc-2.27/elf/dl-object.c
cfn=(38) _dl_new_object
calls=1 59 
* 230
+2 1
-2 1
+2 1
+1 1
+1 1
+5 2
-5 1
+1 2
+4 1
cfi=(17)
cfn=(50) _dl_add_to_namespace_list
calls=1 31 
* 33
+1 2
879 1
1147 1
-3 1
-5 1
+1 1
+2 1
+5 5
+56 2
876 1
1166 1
+22 1
+15 2
-55 24
-1 27
+1 47
1250 3
+3 2
+2 2
+2 3
+13 3
+3 2
-2 1
+2 1
-2 3
cfi=(21)
cfn=(56)
calls=1 144 
* 50
* 2
+7 1
+3 1
-5 1
+3 1
-3 1
+5 1
+1 2
+4 2
+2 2
fi=(3)
33 1
+9 2
+6 1
-2 1
+2 2
+15 1
+5 1
+3 1
+2 1
-3 1
-3 1
-3 1
-14 52
+13 24
+1 20
+10 5
-26 15
+16 20
+10 20
-26 60
+26 1
-26 3
+33 3
+20 3
+1 4
+1 4
+1 4
+2 4
+5 4
+1 4
+1 4
+6 3
+5 2
+7 2
+1 3
+18 3
+5 1
+2 1
-2 1
+2 1
+2 2
+2 2
+1 1
+2 3
+10 1
-8 3
+8 1
+5 2
+1 2
+2 2
fe=(2)
1293 2
cfi=(6)
cfn=(10)
calls=1 939 
* 23
+3 2
fi=(22) /build/glibc-OTsEL5/glibc-2.27/elf/setup-vdso.h
24 2
fe=(2)
1318 1
cfi=(11)
cfn=(62)
calls=1 45 
* 79
* 9
-6 5
1167 2
+9 1
-7 1
-3 1
+10 1
+18 2
-37 3
+1 1
-6 3
+1 1
fi=(3)
65 4
+3 4
fe=(2)
1203 2
-1 2
+1 4
-1 2
+2 4
+1 1
+3 2
+1 2
-1 2
+1 2
+1 2
+1 6
+1 2
+31 2
+1 2
+1 1
-6 2
+1 1
fi=(3)
71 4
+1 1
+1 3
fe=(2)
1323 2
cfi=(24)
cfn=(66) _dl_init_paths
calls=1 623 
* 1740
+3 3
cfi=(31) /build/glibc-OTsEL5/glibc-2.27/elf/dl-debug.c
cfn=(92) _dl_debug_initialize
calls=1 49 
* 17
+7 1
-7 1
+2 1
+5 1
+3 3
+1 1
+3 1
-3 3
+1 2
+3 1
+5 1
-7 1
+7 1
+1 5
+17 2
+1 2
+5 1
-3 3
+2 1
+1 2
+5 2
+1 5
-1 2
+3 2
+1 2
+5 2
+6 4
+1 1
-2 1
885 1
1391 1
1570 1
cfi=(32) /build/glibc-OTsEL5/glibc-2.27/elf/../elf/dl-tls.c
cfn=(94) _dl_count_modids
calls=1 113 
* 4
* 1
+8 3
+3 2
+4 3
+5 2
+1 1
cfi=(31)
cfn=(96) _dl_debug_state
calls=1 74 
* 1
+1 1
+4 2
+15 3
+4 1
-2 1
+2 2
+2 3
+1 1
-1 2
+1 1
cfn=(98)
calls=1 837 
* 2506
* 1
+1 4
+2 2
+10 3
cfi=(47)
cfn=(144)
calls=1 27 
* 8
* 2
+77 1
-96 1
+96 3
+17 3
+1 1
-1 1
+1 2
-1 1
+1 5
cfi=(48) /build/glibc-OTsEL5/glibc-2.27/elf/dl-deps.c
cfn=(146) _dl_map_object_deps
calls=1 159 
* 7123
+1 4
+5 1
-3 2
+3 2
+1 7
-1 2
+1 9
-1 6
+4 3
+1 3
+1 1
+2 2
+1 5
-1 4
+1 6
-1 6
+47 2
+2 2
-1 1
-1 2
+2 4
cfi=(34)
cfn=(166) _dl_receive_error
calls=1 226 
* 2422
+10 1
+1 1
-1 1
+1 1
+1 1
cfn=(174) init_tls
calls=1 687 
* 542
* 1
+2 2
799 1
fi=(125) /build/glibc-OTsEL5/glibc-2.27/elf/../sysdeps/unix/sysv/linux/dl-osinfo.h
64 2
fe=(2)
801 1
fi=(125)
77 1
fe=(2)
810 1
+7 1
-5 1
1808 2
2038 3
2161 3
+7 1
+2 3
+1 1
-1 2
+2 10
+2 4
-2 8
+2 4
+5 8
+2 8
+6 4
+2 8
+1 24
cfi=(54)
cfn=(180)
calls=3 148 
* 74355
+4 10
+1 2
cfi=(32)
cfn=(278) _dl_add_to_slotinfo
calls=1 887 
* 20
* 1
-12 1
+1 1
-3 2
+29 4
+2 1
+7 3
cfi=(32)
cfn=(280) _dl_allocate_tls_init
calls=1 437 
* 149
+3 2
-25 4
+2 2
+6 1
-6 1
+6 1
+26 3
+2 4
+15 1
+2 1
-2 2
+3 1
-3 1
+3 1
-3 1
+3 3
cfi=(54)
cfn=(180)
calls=1 148 
* 6191
+1 4
+2 2
+8 1
cfi=(7)
cfn=(282) _dl_sysdep_start_cleanup
calls=1 260 
* 1
+4 2
+20 3
cfi=(31)
cfn=(92)
calls=1 49 
* 8
+1 1
-1 1
+2 1
cfi=(31)
cfn=(96)
calls=1 74 
* 1
+1 1
+4 1
cfi=(50)
cfn=(284)
calls=1 326 
* 15
+5 8
2094 1
+13 1
-9 1
-4 1
+10 1
-6 1
+6 1
+3 1
1753 1
+1 1
-1 2
+1 1
+2 1
+2 3
+2 1
-4 1
+4 2
+14 4
+1 2
+1 3
-64 5
+1 1
-1 3
+4 3
+1 1
+1 2
+1 2
+32 2
2565 3

fn=(174)
687 1
-6 1
+2 2
+4 1
+10 4
cfi=(19)
cfn=(42)
calls=1 92 
* 27
* 1
+11 1
-15 1
+3 1
+6 1
+2 1
-11 1
+15 1
+2 1
-1 1
+1 15
+2 8
+4 1
+2 1
-2 1
-5 8
+9 2
+3 1
cfi=(32)
cfn=(176) _dl_determine_tlsoffset
calls=1 141 
* 66
+7 1
cfi=(32)
cfn=(178) _dl_allocate_tls_storage
calls=1 332 
* 375
+1 1
-1 1
+1 1
+6 1
+3 1
-3 1
+3 6
+3 1
+2 1
+1 3

fn=(168) version_check_doit
621 2
+2 4
cfi=(53) /build/glibc-OTsEL5/glibc-2.27/elf/dl-version.c
cfn=(170) _dl_check_all_versions
calls=1 362 
* 2397
* 2
+4 2

fl=(34)
fn=(108) _dl_catch_exception
175 6
+15 3
-3 6
+4 3
-3 3
-13 3
+19 3
-3 3
+3 3
-19 3
+13 3
+2 3
+4 3
cfi=(35)
cfn=(110)
calls=3 26 
* 60
* 9
+2 9
cfi=(48)
cfn=(148) openaux
calls=2 60 
* 5658
cfi=(2)
cfn=(112)
calls=1 588 
* 2127
+2 3
-1 3
+1 6
-1 3
+1 3
+9 12

fn=(104)
213 6
+2 2
-2 1
+2 2
cfn=(108)
calls=1 -40 
* 2178
* 1
+1 2
+1 1
+1 1
-1 1
+1 1
+2 5

fn=(166)
226 3
+1 1
+1 1
+3 1
+1 1
+2 2
cfi=(2)
cfn=(168)
calls=1 621 
* 2407
+2 1
+1 1
+1 4

fl=(49) /build/glibc-OTsEL5/glibc-2.27/io/../sysdeps/unix/sysv/linux/wordsize-64/xstat.c
fn=(152) _xstat
34 8
-1 8
+1 8
+1 48
+4 1
-4 28

fl=(44)
fn=(136)
78 24
+1 6

fn=(286)
78 4
+1 1

fl=(48)
fn=(148)
60 4
+7 2
-4 6
+1 2
-1 2
+1 2
-1 10
cfi=(24)
cfn=(114)
calls=2 2080 
* 5624
* 2
+5 4

fn=(146)
159 1
-1 1
+1 1
-1 5
+1 1
-1 2
+1 1
-1 2
+1 1
-1 1
+1 1
-8 1
+8 2
-8 1
-6 1
+14 1
-8 1
+24 1
-32 1
+1 1
+1 1
+6 1
+24 2
-28 2
-2 1
+31 1
-33 3
+2 2
-1 1
+1 2
+6 3
+24 1
-24 1
+24 7
+4 1
+19 1
+2 2
-14 1
-1 1
+13 5
+11 1
+4 4
-4 3
+4 12
+12 12
+2 2
+8 2
-8 2
+6 2
-6 2
+6 2
+1 2
+4 2
-3 2
-3 2
+2 2
+4 8
+66 2
-98 2
+98 2
-66 4
+7 10
cfi=(29)
cfn=(84)
calls=2 24 
* 70
* 4
+4 6
-2 2
+2 2
cfi=(34)
cfn=(108)
calls=2 -74 
* 5760
* 2
+1 4
+9 2
+2 4
+5 2
+6 2
+2 2
-8 4
+3 2
+1 2
+1 2
+1 2
+4 10
+4 4
+1 3
-43 204
+1 102
+44 147
434 4
+2 6
+3 4
-1 2
cfi=(19)
cfn=(46)
calls=2 50 
* 36
* 2
+2 2
-2 2
+2 2
+3 2
+1 8
-1 2
+1 2
cfi=(20)
cfn=(48)
calls=2 129 
* 20
+1 10
cfi=(20)
cfn=(48)
calls=2 129 
* 20
+4 2
-1 2
+5 28
+7 6
+4 4
+11 3
-1 1
cfi=(19)
cfn=(46)
calls=1 50 
* 18
* 1
+3 1
-3 1
+3 4
+5 1
+1 1
-1 1
+3 2
-3 4
+9 2
+4 3
-10 3
-3 3
+9 6
+4 9
-10 9
+13 2
+51 2
+2 1
-1 1
+1 2
+35 7
cfi=(20)
cfn=(48)
calls=1 129 
* 10
+4 5
cfi=(52)
cfn=(164)
calls=1 28 
* 232
+3 1
+3 1
-1 1
+2 4
+7 3
+3 2
+3 8
225 8
-19 2
434 5
+27 2
214 25
+2 2
+2 8
+2 26
456 9
-1 4
+1 10
199 3
573 6

fl=(41)
fn=(130)
34 3
-1 3
+1 3
+1 18
+4 3

fl=(6)
fn=(10)
939 12
+4 4
+4 8
+2 4
-1 4
+3 12
+1 4
+1 4
+3 4
-3 4
+7 4
-4 4
-1 4
+3 4
+2 4
-7 4
+7 4
+1 4

fn=(188)
790 950
555 95
790 380
555 285
-1 190
+2 95
-1 95
+1 285
-1 285
+1 1231
-1 1231
+1 3693
-1 3788
793 95
-1 95
+4 95
+4 95
-8 95
+1 95
+7 362
+5 285
+6 285
-7 1045
+15 32
-8 48
+2 1235
cfn=(190) do_lookup_x
calls=95 338 
* 34037
+3 459
+25 190
+24 609
+31 87
+9 348
+14 261
+3 348
+5 87
+2 871
-86 48
+17 8
+1 16
+59 2

fn=(190)
338 665
+1 95
-1 570
+6 190
+12 95
+30 95
-41 95
+41 95
+35 190
-65 475
+14 900
+8 600
+1 900
+3 300
+1 600
+4 600
+3 600
-5 300
+5 900
+3 2100
-99 213
540 1500
+1 96
cfi=(36)
cfn=(116)
calls=32 282 
* 2400
* 128
+3 639
349 600
+3 600
+4 600
+4 600
+4 600
fi=(55)
102 261
fe=(6)
503 174
+3 656
-60 10
+64 30
+12 522
+2 87
+24 760
-1 16
397 276
-1 184
+2 184
+2 92
90 276
375 92
90 92
374 92
90 92
400 184
90 184
413 300
-10 935
+2 348
+2 174
-1 261
78 609
+12 435
+3 284
cfi=(21)
cfn=(56)
calls=22 +51 
* 986
* 66
+5 87
-1 87
+1 87
+2 172
+19 86
+1 774
452 870
148 2
+2 5
+30 35
-59 430
cfi=(21)
cfn=(56)
calls=86 +23 
* 3969
* 430

fl=(24)
fn=(118) open_verify.constprop.7
1598 110
+39 10
-39 30
+39 38
+31 40
cfi=(37)
cfn=(120)
calls=10 39 
* 184
+2 10
-2 10
+2 12
+10 2
+1 4
+5 12
cfi=(39) /build/glibc-OTsEL5/glibc-2.27/io/../sysdeps/unix/sysv/linux/read.c
cfn=(124) read
calls=2 27 
* 10
+2 4
+2 2
+2 2
-2 2
+2 2
+6 4
+16 32
+74 4
+5 4
+2 8
+6 4
+11 4
+6 2
+1 2
+1 2
-2 6
+1 6
+21 82
+2 38
+13 6
+3 8
+1 2
+12 12
-3 18
+15 2
+3 1
+1 3
+1 1
-1 1
-1 1
+3 3
+1 3
1650 8
1918 90
1714 2
1871 12
+3 2
-4 2
+4 4
+5 1
+1 2
-55 2

fn=(114)
2080 21
+8 3
-8 6
+8 3
+1 12
+3 42
+5 49
+2 21
cfi=(36)
cfn=(116)
calls=7 282 
* 777
* 14
+4 12
+1 18
+3 2
+1 2
+1 2
-1 2
+1 2
cfi=(21)
cfn=(56)
calls=2 144 
* 48
* 4
2391 27
2125 6
+10 6
-53 2
+89 4
-2 2
+2 2
cfi=(29)
cfn=(84)
calls=2 24 
* 46
* 4
2322 5
cfn=(82) expand_dynamic_string_token
calls=1 320 
* 154
* 1
-2 1
+3 5
+4 9
cfn=(118)
calls=1 1598 
* 208
+3 2
-3 1
+3 3
+12 3
+46 1
+1 3
-1 1
+1 9
cfn=(126) _dl_map_object_from_fd
calls=1 808 
* 1347
-1 1
+1 3
-1 1
+1 9
cfn=(126)
calls=1 808 
* 1694
* 6
2171 1
+4 2
cfi=(13)
cfn=(28)
calls=1 79 
* 16
* 1
+2 1
-2 1
+2 1
+7 4
+36 12
cfn=(150) open_path
calls=1 1932 
* 1347
+6 2
-6 1
+6 3
601 3
2314 2
+28 4
+2 2
-95 1
-14 1
+14 1
+2 3
+4 2
cfi=(50)
cfn=(154)
calls=1 187 
* 1435
+2 1
-2 1
+2 1
+4 2
+8 3
+23 10
cfn=(118)
calls=1 1598 
* 220
+4 2
-4 1
+4 3
+1 2
-88 7
601 3
2219 2
+1 2
-32 1
+1 2
-1 3
+8 7
-3 3
601 3
+9 3
2208 3

fn=(126)
808 22
+10 2
-10 2
+10 2
-10 6
+10 2
cfi=(31)
cfn=(92)
calls=2 49 
* 16
fi=(40) /build/glibc-OTsEL5/glibc-2.27/elf/../sysdeps/posix/dl-fileid.h
37 6
fe=(24)
818 2
fi=(40)
37 2
cfi=(41)
cfn=(130)
calls=2 -3 
* 20
* 4
+4 2
fe=(24)
834 2
fi=(40)
40 2
+1 2
fe=(24)
834 27
+1 10
fi=(40)
49 13
fe=(24)
1346 18
852 4
+24 8
+10 4
+22 8
+32 4
819 2
943 14
cfi=(17)
cfn=(38)
calls=2 59 
* 758
+1 2
-1 2
+1 2
+11 4
+5 2
-5 2
+1 2
+5 2
-5 2
+1 2
+2 2
-2 2
+2 4
+1 6
+20 2
-2 2
+10 2
-8 12
+8 2
-8 6
+8 2
+97 2
982 2
-6 2
1085 2
981 2
-5 4
1085 6
-96 32
-1 102
+1 95
+6 4
+5 4
+1 8
+11 20
+5 32
+9 12
-1 12
+1 4
+1 8
+2 4
-2 4
+1 4
-1 4
+3 4
+4 4
-7 4
+3 4
-1 4
+5 4
+1 8
+5 4
-1 2
-14 2
+14 2
+1 12
+10 2
-10 4
-1 2
-14 2
+14 2
+1 12
+10 2
-44 2
+1 1
+46 3
+4 1
+1 1
+2 1
-1 1
-1 2
+1 1
+3 3
+1 1
+3 1
-3 1
+7 4
+6 1
cfi=(32)
cfn=(162) _dl_next_tls_modid
calls=1 51 
* 6
* 2
+1 1
+19 4
+1 4
+1 2
-6 4
+1 2
+8 8
956 2
1110 2
956 2
1110 2
+10 6
fi=(43) /build/glibc-OTsEL5/glibc-2.27/elf/./dl-map-segments.h
50 2
+6 2
fe=(24)
1120 8
fi=(43)
56 6
fe=(24)
1120 2
fi=(43)
50 2
fe=(24)
1120 4
fi=(43)
56 4
cfi=(42)
cfn=(132)
calls=2 -12 
* 74
+4 2
-4 2
+4 4
+3 4
+1 2
+2 2
-2 2
-1 2
+3 2
+14 4
fi=(45) /build/glibc-OTsEL5/glibc-2.27/elf/./dl-load.h
+10 8
+1 6
+2 8
fi=(43)
+11 16
+45 4
-59 20
+2 12
+2 16
cfi=(42)
cfn=(132)
calls=2 -50 
* 66
* 4
+16 2
+2 2
-2 2
+1 2
+2 2
-1 2
+1 2
-1 6
+8 4
+3 4
+8 14
cfi=(28)
cfn=(76)
calls=2 -22 
* 249
* 4
+6 4
+4 8
cfi=(42)
cfn=(132)
calls=1 -97 
* 33
+3 2
-71 20
cfi=(44)
cfn=(136)
calls=2 +5 
* 10
* 4
fi=(45)
+21 5
+2 1
-1 3
+1 1
-1 1
+1 2
-1 2
+3 4
fe=(24)
1132 8
+9 4
fi=(3)
42 2
fe=(24)
1141 2
fi=(3)
42 2
+6 2
-2 2
+2 4
+15 2
+5 2
+3 2
-1 2
-3 2
-3 36
+10 8
-26 24
+16 35
+10 35
-26 105
+26 2
-26 6
+2 90
+13 40
+2 8
+16 4
+20 7
+1 8
+1 8
+1 8
+2 8
+5 8
+1 7
+1 8
+6 6
+5 4
+7 4
+1 6
+18 6
+5 1
+2 1
-2 1
+2 1
+2 2
+2 2
+3 6
+10 1
-8 4
+8 1
+5 2
+3 4
fe=(24)
1148 4
+15 6
+19 4
+2 10
+54 6
+1 2
+3 2
cfi=(46)
cfn=(142)
calls=1 27 
* 5
* 2
cfi=(46)
cfn=(142)
calls=1 27 
* 5
* 4
+9 4
+2 6
+2 2
-2 2
+2 2
+16 4
cfi=(6)
cfn=(10)
calls=2 939 
* 46
+4 4
+1 4
+17 4
+1 1
+8 1
-5 3
+5 2
-5 3
+5 1
+10 4
+10 6
cfi=(17)
cfn=(50)
calls=2 31 
* 82
+4 6
fi=(3)
68 8
+3 8
+1 2
+1 8
fe=(24)
369 2

fn=(66)
623 1
+13 2
-13 8
+13 3
cfi=(25)
cfn=(68)
calls=1 42 
* 711
+5 1
-5 1
+5 1
cfi=(19)
cfn=(46)
calls=1 50 
* 18
* 1
+1 1
-2 1
+2 2
+8 1
-1 1
+1 4
-1 3
+4 4
cfi=(19)
cfn=(46)
calls=1 50 
* 18
* 1
+2 1
-2 2
+2 1
+7 1
+10 1
-11 1
+12 1
+3 1
+1 1
-5 1
+3 1
+1 1
-1 1
+9 1
-20 1
+17 1
+3 1
-3 17
cfi=(28)
cfn=(76)
calls=4 109 
* 48
+3 27
-12 3
-2 3
+10 3
-7 3
-1 3
+4 3
-1 3
+1 3
+1 3
+3 3
+1 3
-4 3
+4 3
+14 1
-11 1
+6 1
+1 1
+5 2
+2 4
+2 3
+38 5
-19 1
-2 2
+2 2
+21 3
cfi=(13)
cfn=(28)
calls=1 79 
* 16
* 8
cfi=(20)
cfn=(48)
calls=1 129 
* 10
* 1
+5 4
-1 2
+2 56
-1 57
+5 1
cfi=(19)
cfn=(46)
calls=1 50 
* 18
* 1
+1 1
-2 1
+2 1
+6 7
cfn=(78) fillin_rpath
calls=1 389 
* 584
+3 3
+6 1
+4 8
-37 2

fn=(78)
389 7
+2 1
-2 9
+4 3
cfi=(19)
cfn=(80)
calls=1 265 
* 238
* 3
cfi=(19)
cfn=(80)
calls=1 265 
* 6
* 6
+7 2
+2 3
cfn=(82)
calls=1 -82 
* 104
+4 1
-4 1
+4 1
+5 2
cfi=(13)
cfn=(28)
calls=1 79 
* 16
+1 2
+7 6
+9 17
+1 8
+57 2
cob=(2)
cfi=(18)
cfn=(88) 0x0000000004000f00
calls=1 0 
* 5
* 1
-39 2
+4 7
-1 1
cfi=(19)
cfn=(46)
calls=1 50 
* 18
* 1
+3 3
+5 1
+1 2
-2 2
+2 1
cfi=(20)
cfn=(74)
calls=1 116 
* 12
+3 1
-2 1
-1 1
+1 1
+2 1
+6 4
+1 17
+1 1
-1 3
+1 1
-1 14
+1 8
-1 1
+1 1
-1 3
+1 1
-1 2
+4 1
-1 1
+1 1
-1 1
+1 1
+8 1
-1 1
+4 3
-37 2
-28 1
+5 4
+66 1
+3 9
-15 2

fn=(82)
320 12
+10 4
-10 2
+10 2
cfi=(29)
cfn=(84)
calls=2 24 
* 70
* 4
+15 2
-11 2
+11 8
-11 2
cfi=(30)
cfn=(86)
calls=2 40 
* 150

fn=(150)
1932 8
+1 1
+6 1
-6 1
+6 1
+5 11
-7 1
-1 1
+8 7
+3 3
+9 4
+7 3
+1 1
-13 3
+12 1
cfi=(20)
cfn=(74)
calls=1 116 
* 12
* 1
+55 2
-22 6
-32 2
+32 24
-32 16
+3 16
+4 48
cfi=(20)
cfn=(74)
calls=8 116 
* 101
* 32
cfi=(20)
cfn=(74)
calls=8 116 
* 96
+3 16
+3 24
+3 72
cfn=(118)
calls=8 1598 
* 440
* 8
+2 40
+2 16
+89 9
-24 7
+7 1
-2 1
+2 3
+3 3
-13 2
-57 16
+1 64
+6 16
+2 16
-2 16
+2 16
cfi=(49)
cfn=(152)
calls=8 34 
* 101
* 8
+3 8
-3 8
+1 1
+2 1
-2 1
+2 7
-37 2
+37 7
-37 14

fl=(20)
fn=(74)
116 26
+1 26
+1 26
+13 26
+1 26
+1 4
+1 4
+5 3
+1 3
+1 3
+1 3
+5 3
267 22
+1 22
+1 8
+1 8
+1 3
+1 3
+1 1
+4 1
+22 14
+1 14
+1 14
+1 14
+1 14
+3 5
+1 5
+1 5
+1 5
+1 5
+3 2
+1 2
+1 2
+1 2
+1 2
+10 1
+1 1
+1 1
+1 1
+22 1
+1 1
+1 1
+1 1
+1 1
+1 1
+1 1
+1 1
+2 1

fn=(48)
129 14
+2 14
+1 14
+1 8
+1 8
+5 5
+1 5
+1 5
+1 5
+5 5
267 6
+1 6
+1 1
+1 1
+1 1
+1 1
+1 1
+1 1
+1 1
+2 1
+22 5
+1 5
+1 5
+1 5
+1 5
+24 3
+1 3
+1 3
+1 3
+22 3
+1 3
+1 3
+1 3
+1 3
+1 3
+1 3
+1 3
+2 3

fl=(107) /build/glibc-OTsEL5/glibc-2.27/elf/dl-open.c
fn=(398) _dl_find_dso_for_object
176 5
+4 6
+1 4
+1 12
+1 2
-2 6
+5 2
+4 7

fl=(106) /build/glibc-OTsEL5/glibc-2.27/elf/../elf/dl-runtime.c
fn=(394) _dl_fixup
66 4
+6 4
-6 2
+3 4
+3 6
-4 2
+5 2
+2 2
-2 10
+2 2
-2 2
+2 2
+5 4
+4 4
+4 2
+7 2
-7 4
+4 4
+1 8
+2 8
+7 4
-1 2
+1 2
+10 18
cfi=(6)
cfn=(188)
calls=2 790 
* 1847
* 2
+4 10
+10 14
+16 2
-8 2
+8 6
+4 6
fi=(5)
+96 2
fe=(106)
-92 6

fl=(17)
fn=(50)
31 6
+2 3
-2 9
+2 6
cfi=(2)
cfn=(52)
calls=3 784 
* 6
+2 22
+3 15
+2 2
+2 2
+4 2
+4 2
-4 4
+1 2
+4 4
-4 2
+1 2
+3 2
-3 2
+2 2
cfi=(2)
cfn=(54)
calls=2 790 
* 4
-4 1
+4 1
-4 2
+1 1
+4 2
-4 1
+1 1
+3 1
-3 1
+2 1
cfi=(2)
cfn=(54)
calls=1 790 
* 2
-5 2

fn=(38)
59 36
+1 3
-1 3
+1 6
cfi=(13)
cfn=(28)
calls=3 +19 
* 66
+6 3
-6 6
+6 3
+7 3
-7 3
-6 3
+6 9
+2 6
+5 9
cfi=(19)
cfn=(42)
calls=3 +19 
* 147
* 3
+3 3
-3 3
+3 3
+4 3
+5 3
-6 3
+6 3
-5 3
+5 3
-5 3
+4 3
+1 6
-1 3
+1 3
cfi=(20)
cfn=(48)
calls=3 +44 
* 41
+10 3
-10 3
+10 3
-10 3
+10 3
-8 3
+8 6
+1 3
-1 3
+1 9
+3 3
-3 3
+3 3
+9 3
-7 3
+4 3
+3 8
+2 2
-2 2
+2 30
-2 30
+18 6
-6 3
+1 3
+5 3
-6 3
+6 9
+2 2
+3 2
-3 4
+3 2
+4 6
+4 5
+8 1
+3 1
+3 2
-3 1
+3 1
-3 2
+3 4
-3 2
+3 2
+2 2
+21 2
-21 2
cfi=(13)
cfn=(28)
calls=2 -76 
* 68
+4 2
-4 4
+17 2
-13 6
+64 2
+4 27
100 8
+39 6
+70 6
cfi=(20)
cfn=(74)
calls=2 -93 
* 32
* 42
+6 40
-1 40
+1 42
-1 2
+1 6
+5 4
-96 1
+7 4
+32 4
cfi=(19)
cfn=(46)
calls=2 50 
* 36
* 2
+1 2
-1 4
+1 2

fl=(30)
fn=(86)
40 12
+1 3
cfi=(13)
cfn=(28)
calls=3 +38 
* 84
* 3
+1 6
cfi=(19)
cfn=(46)
calls=3 +8 
* 54
* 3
+2 6
+4 3
-1 6
+1 6
-1 6
cfi=(20)
cfn=(48)
calls=3 +82 
* 38

fl=(7)
fn=(12)
88 8
+25 1
-1 1
+1 205
+6 1
-3 1
+1 1
-4 1
+3 1
+3 4
+1 2
-1 12
-29 1
-1 10
+30 2
+1 108
+3 1
-4 74
+62 1
-62 1
+63 1
-1 1
-62 3
+34 1
-34 2
+35 1
-35 2
+46 1
-46 1
+47 1
-1 1
-46 3
+40 1
-40 1
+41 1
-1 1
-40 3
+37 1
-37 2
+38 1
-38 3
+13 1
-13 2
+14 1
-14 2
+10 1
-10 2
+11 1
-11 2
+7 1
-7 4
224 1
cfi=(9)
cfn=(16)
calls=1 +65 
* 24959
fi=(11)
35 2
cfi=(12)
cfn=(22)
calls=1 -4 
* 11
fi=(8)
196 1
-12 1
+1 1
+11 1
+3 1
-3 1
+3 5
366 3
+1 1
+3 2
+1 1
+6 1
+5 2
-3 1
+3 1
-4 1
+4 1
cfi=(9)
cfn=(26)
calls=1 -9 
* 16
+2 4
cfi=(9)
cfn=(26)
calls=1 -11 
* 18
* 1
+2 3
-2 1
+2 1
cfi=(9)
cfn=(26)
calls=1 -13 
* 18
* 1
+2 3
-2 1
+2 1
cfi=(9)
cfn=(26)
calls=1 -15 
* 18
+12 1
-12 1
+11 1
-11 1
+12 1
fe=(7)
236 1
cfi=(13)
cfn=(28)
calls=1 79 
* 16
* 1
+2 2
cfi=(14)
cfn=(30)
calls=1 32 
* 17
* 3
+12 3
+3 5
cfi=(2)
cfn=(32)
calls=1 870 
* 97249
+1 1
+1 8
fi=(8)
404 3
+28 2
-9 3
+2 4
+3 4
+1 2
205 6
cfn=(24)
calls=1 34 
* 87
+3 3
+97 4
+7 4
203 1
312 4
210 5
+1 7
+85 3
-79 2
fe=(7)

fn=(282)
260 1

fl=(53)
fn=(170)
362 5
+2 1
-2 3
+4 3
+2 24
cfn=(172) _dl_check_map_versions
calls=4 156 
* 2326
-2 4
+2 16
-2 8
+5 7

fn=(172)
156 28
+15 12
+2 20
+2 4
+1 4
+2 4
-3 4
+1 4
+2 4
+3 6
-16 2
-8 4
+28 2
-4 2
+4 4
+16 2
37 4
201 2
37 10
+1 5
-1 10
+2 21
cfi=(36)
cfn=(116)
calls=7 282 
* 638
* 14
209 6
+5 2
-71 6
+71 4
-71 6
+79 2
-2 2
-2 4
+4 2
-4 14
+4 1
-2 1
-2 2
+4 1
-4 12
57 3
+8 3
-8 6
+8 6
+6 9
+16 3
+1 6
+2 3
+5 18
+14 20
+12 21
+4 7
-30 14
225 12
+3 9
+5 1
-11 1
111 3
+3 12
cfi=(21)
cfn=(56)
calls=3 +30 
* 137
* 16
237 8
+14 6
+3 8
+3 12
+3 8
+4 2
-7 8
+3 6
+4 30
-7 120
+3 92
+8 9
+89 36
-83 12
cfi=(19)
cfn=(42)
calls=3 92 
* 81
* 3
+1 3
-2 3
+2 3
+13 3
+2 3
-5 3
+3 3
+2 3
-2 3
+2 3
+3 8
+4 6
+18 1
-15 3
+2 3
-2 6
+2 6
+2 3
+1 3
-1 6
+1 3
-1 3
+1 3
+1 3
-2 3
+2 6
+1 9
+3 9
+8 6
+10 9
+3 8
+4 32
+6 32
+1 32
+1 32
-1 96
+1 32
-1 32
+1 32
+1 32
+3 96
+4 32
-14 68
+10 6
-96 2
-86 2
-8 2
+94 3

fl=(105) /build/glibc-OTsEL5/glibc-2.27/elf/../sysdeps/x86_64/dl-trampoline.h
fn=(392) _dl_runtime_resolve_xsave
71 2
+3 2
+2 2
+10 2
+6 2
+1 2
+1 2
+1 2
+1 2
+1 2
+1 2
+4 2
+1 2
+3 2
+1 2
+2 2
+1 2
+1 2
+1 2
+1 2
+1 2
+2 2
+7 2
+1 2
+1 2
cfi=(106)
cfn=(394)
calls=2 -59 
* 2001
+1 2
+5 2
+1 2
+1 2
+2 2
+1 2
+1 2
+1 2
+1 2
+1 2
+1 2
+2 2
+2 2
+4 2
+3 2

fl=(16)
fn=(36)
24 2
+1 2
+1 2
+1 2
+1 2
+1 2
+1 2
+1 2
+3 2
+1 2
+1 1
+1 1
+1 1
+1 1
+1 1
+1 1
+1 1
+2 2
+1 2
+1 1
+1 1
+1 1
+1 1
+1 1
+1 1
+1 1
+2 2
+1 2
+1 2
+1 2
+1 2
+1 2
+1 1
+1 1
+1 1
+2 1
+1 1
+1 1
+1 1
+1 1
+1 1
+29 2
+1 2
+15 2
+1 2

fl=(32)
fn=(162)
51 4
+48 1
+4 1

fn=(94)
113 2
+1 2

fn=(178)
332 1
+2 1
-2 2
+13 1
+1 2
cfi=(19)
cfn=(46)
calls=1 50 
* 18
* 1
+1 3
+8 2
-69 1
+69 2
+1 1
+4 297
+19 1
-94 2
+1 2
cfi=(19)
cfn=(42)
calls=1 92 
* 27
* 1
+1 2
+3 1
+6 2
+89 5

fn=(280)
437 8
+1 1
-1 1
+1 1
+4 1
+6 2
-6 1
+6 1
+12 1
-15 1
+39 1
-24 1
-16 2
+21 9
+6 15
+3 1
+1 2
+6 3
+3 1
-2 1
+6 1
-6 1
+2 1
+4 1
-4 2
+3 1
-3 1
+1 1
+2 1
+4 2
+1 4
+2 2
+1 2
+12 1
-3 1
+3 2
cfi=(20)
cfn=(74)
calls=1 116 
* 12
* 5
cfi=(28)
cfn=(76)
calls=1 109 
* 33
* 7
-42 2
+52 1
+4 3
+3 8

fn=(278)
887 4
+9 1
-3 2
+8 7
+41 1
+1 1
+1 4

fn=(176)
141 1
-6 5
+6 2
+3 2
+36 3
+2 4
-2 1
-2 1
-40 1
-1 1
-1 2
+69 2
+3 2
-3 5
+2 2
+10 1
-37 2
+25 1
-25 2
+5 1
-1 1
+5 2
-4 1
-1 2
+3 2
+2 3
-9 5
+93 1
-53 1
+1 1
+52 1
-1 1
+1 4

fl=(31)
fn=(92)
49 8
+5 6
+5 2
-1 1
+1 2
+1 2
-1 1
+5 1
-14 4
+4 8
+4 1
-1 1
+1 4

fn=(96)
74 2

fl=(15)
fn=(34)
29 3
+3 10
+13 63
-13 189
+2 130
+1 36
+5 2
-3 2
+3 2
+2 2
+7 1

fl=(37)
fn=(120)
39 11
fi=(38) /build/glibc-OTsEL5/glibc-2.27/io/../sysdeps/unix/sysv/linux/open64.c
-3 11
+3 66
+8 77
+2 3
-2 24
+2 8
fe=(37)

fl=(52)
fn=(164)
28 16
+2 2
-2 2
+2 2
+92 10
-88 10
+1 4
-1 2
-1 2
+1 8
+1 2
cfi=(28)
cfn=(76)
calls=2 +74 
* 30
* 32
+4 4
+3 2
-3 4
+1 6
+2 2
-7 4
+4 8
+3 4
-3 8
+1 12
+2 4
+12 36
+2 12
+1 8
-1 6
+1 6
+2 18
+1 12
+58 24
cfi=(28)
cfn=(76)
calls=4 -9 
* 64
* 16
-28 24
-36 12
+61 28
-25 9
-44 12
+69 2
+7 16

fl=(39)
fn=(124)
27 8
+1 2

ob=(3)
fl=(97) /build/glibc-OTsEL5/glibc-2.27/libio/fileops.c
fn=(366) _IO_file_overflow@@GLIBC_2.2.5
747 129
+7 43
-8 258
+8 169
+35 84
+3 26
+3 39
+1 39
+1 65
+5 52
-45 2
+12 2
+9 4
+8 1
-4 1
+3 2
-2 2
-3 1
+1 2
+5 1
-1 1
+1 3
+3 1
-2 1
+2 1
+1 30
+1 30
+11 90
-12 30
cfn=(422) _IO_do_write@@GLIBC_2.2.5
calls=30 433 
* 3078
+9 14
-1 7
+1 7
-1 7
cfn=(422)
calls=7 433 
* 742
* 14
-39 2
cfi=(98) /build/glibc-OTsEL5/glibc-2.27/libio/genops.c
cfn=(368) _IO_doallocbuf
calls=1 362 
* 63480
+1 6

fn=(556) _IO_file_sync@@GLIBC_2.2.5
807 4
+5 4
+2 1
+1 2
+15 2
+4 4

fn=(364) _IO_file_xsputn@@GLIBC_2.2.5
1220 552
+7 138
-7 414
+6 618
+7 570
+17 3
+4 168
+4 84
+2 252
-1 84
+1 84
-2 84
cfi=(117) /build/glibc-OTsEL5/glibc-2.27/string/../sysdeps/x86_64/multiarch/memmove-vec-unaligned-erms.S
cfn=(460) __mempcpy_avx_unaligned_erms
calls=84 204 
* 1424
* 84
-4 29
+4 29
+2 87
-1 29
+1 29
-2 29
cfi=(117)
cfn=(460)
calls=29 204 
* 493
* 29
* 113
+4 226
+18 168
+10 1242
-40 1
+16 1
fi=(111) /build/glibc-OTsEL5/glibc-2.27/libio/libioP.h
870 3
+2 2
+1 2
fe=(97)
1266 29
fi=(111)
870 87
+2 58
+1 58
fe=(97)
1266 90
cfn=(366)
calls=30 747 
* 67246
* 60
+6 60
+1 210
+2 60
+11 90
+1 4
cfi=(98)
cfn=(424) _IO_default_xsputn
calls=1 392 
* 344
* 3
-52 226
+1 226
+3 339
+2 767
-2 518
+4 29
+11 145

fn=(422)
433 111
+1 1
-3 576
+11 72
+7 144
fi=(111)
873 72
fe=(97)
457 144
cfn=(430) _IO_file_write@@GLIBC_2.2.5
calls=36 1196 
* 1620
* 36
+1 180
+6 36
-4 36
+4 36
-4 108
+1 72
+3 36
-2 36
-29 144
+1 288
+29 72

fn=(552) _IO_file_setbuf@@GLIBC_2.2.5
389 2
+1 1
cfi=(98)
cfn=(554) _IO_default_setbuf
calls=1 +89 
* 68
* 2
+4 2
-1 2
+2 3
+2 1
+1 2

fn=(372) _IO_file_stat
1169 1
+1 3
cfi=(100) /build/glibc-OTsEL5/glibc-2.27/io/../sysdeps/unix/sysv/linux/wordsize-64/fxstat.c
cfn=(374) _fxstat
calls=1 34 
* 10

fn=(430)
1196 216
+2 216
+5 36
cfi=(112) /build/glibc-OTsEL5/glibc-2.27/io/../sysdeps/unix/sysv/linux/write.c
cfn=(432) write
calls=36 27 
* 324
+1 72
+5 36
+1 36
-12 72
+5 180
+10 108
+3 324

fl=(101) /build/glibc-OTsEL5/glibc-2.27/malloc/malloc.c
fn=(408) tcache_init.part.4
2986 1
-9 1
+9 9
+1 3
cfn=(410) _int_malloc
calls=1 3521 
* 389
+1 1
-1 1
+1 1
+8 4
+7 2
+2 1
+1 2
-1 1
+1 78
+3 2

fn=(412) sysmalloc
2274 8
+20 1
+11 1
-11 1
+11 1
+1 4
fi=(103) /build/glibc-OTsEL5/glibc-2.27/malloc/arena.c
535 1
fe=(101)
2321 2
fi=(103)
535 1
fe=(101)
2321 2
+66 1
+1 3
+10 1
-9 1
+9 3
+6 4
+3 3
2724 2
+1 1
+5 2
+3 2
+5 1
-3 1
+3 1
-2 1
+2 3
+1 1
-1 1
-1 1
+4 1
-3 2
+1 1
+2 1
+6 9
2460 3
+19 2
-11 1
+11 1
-11 1
+21 4
cfi=(108) /build/glibc-OTsEL5/glibc-2.27/malloc/morecore.c
cfn=(414) __default_morecore
calls=1 46 
* 61
* 1
+1 1
+3 3
+3 4
+1 2
+46 2
+2 2
+6 1
-6 1
+6 1
-82 1
+10 2
+8 1
-8 1
+8 1
+67 4
+34 2
+6 3
+22 2
+1 5
+2 1
-2 1
+2 1
+1 4
cfi=(108)
cfn=(414)
calls=1 46 
* 25
+12 3
+48 1
+1 1
-2 1
+1 2
+12 1
-12 1
+1 1
+11 1
2544 2
-3 3
+99 2
+1 4

fn=(378) malloc
3028 111
+5 74
+1 74
+5 280
+3 36
-2 108
+2 108
+3 72
+10 96
+2 72
cfn=(410)
calls=24 3521 
* 3958
+1 24
-1 24
+1 144
-19 88
+8 36
+1 108
2941 24
+2 24
+1 12
3081 180
-46 1
+46 3
-46 1
cfi=(102) /build/glibc-OTsEL5/glibc-2.27/malloc/hooks.c
cfn=(380) malloc_hook_ini
calls=1 29 
* 63347

fn=(410)
3521 156
+32 26
-32 26
+32 213
+4 156
+24 52
+2 72
+3 24
+2 48
+2 1
-6 2
+6 3
+1 1
+5 3
+1 2
+7 4
-1 2
+1 2
+5 3
+1 4
+2 4
+1 1
2929 2
+1 1
-2 2
+2 2
-2 1
+4 3
3609 3
+1 4
1887 1
3682 1
1887 2
4131 241
3553 14
+86 5
+62 31
+1 3
+20 25
-1 50
+1 25
-1 25
+1 50
-2 120
+6 72
+66 24
-40 48
3879 24
3731 24
+1 24
+20 48
+40 48
-60 48
-12 1
+6 3
+66 1
-40 2
3879 1
3731 1
+1 1
+20 2
+40 2
-60 2
-90 72
+2 24
-2 24
+2 48
+59 480
-62 312
3904 50
+2 4
+3 1
-3 1
+3 2
+68 50
+1 50
+1 50
+1 50
+1 50
+5 50
3720 2
3893 50
+97 75
+3 100
-3 75
+3 96
-3 48
+3 69
+97 25
+3 25
-2 50
+2 51
+17 3
1887 24
4103 24
1887 48
4125 3
cfn=(412)
calls=1 2274 
* 237
+1 1
-1 1
+1 1
1887 3
4095 24
+3 48
-3 24
+1 24
+2 72
+2 24
-2 48
-1 24
+1 48
+2 48

fn=(470) free
3086 462
+5 84
+1 84
+6 84
+5 36
-2 36
+2 72
+18 108
+2 108
4149 72
+6 144
+1 72
+4 144
+9 108
-2 72
+3 72
+1 144
+13 34
+11 68
+2 51
1894 51
4218 17
+7 17
-6 34
+6 34
-2 17
+2 34
+4 34
+2 17
+1 34
3125 462
2929 57
+3 19
-2 38
+1 19
+1 38

fl=(98)
fn=(420) _IO_setb
347 3
+1 4
+3 1
+2 4
-3 1
+3 2
+3 3

fn=(426) __overflow
217 14
+2 21
+2 7
fi=(111)
870 21
+2 14
+1 14
fe=(98)
221 7
+1 14
-1 7
cfi=(97)
cfn=(366)
calls=7 747 
* 1022

fn=(368)
362 2
-1 3
+3 4
+4 4
-3 1
fi=(111)
870 3
+2 2
+1 2
fe=(98)
365 2
cfi=(99) /build/glibc-OTsEL5/glibc-2.27/libio/filedoalloc.c
cfn=(370) _IO_file_doallocate
calls=1 78 
* 63455
* 2

fn=(424)
392 2
-3 5
fi=(111)
870 1
fe=(98)
389 1
fi=(111)
870 1
fe=(98)
389 5
fi=(111)
870 2
fe=(98)
417 20
fi=(111)
872 12
+1 12
fe=(98)
417 24
cfi=(97)
cfn=(366)
calls=6 747 
* 198
* 12
+2 12
-22 28
+25 1
-29 1
+29 7

fn=(546) _IO_flush_all_lockp
749 11
+5 4
+1 11
+3 1
-8 1
+5 1
+3 1
-3 1
+3 1
fi=(111)
870 2
fe=(98)
762 1
fi=(111)
870 2
fe=(98)
-98 6
-14 3
+16 3
-16 6
+3 3
-1 3
+1 3
+3 22
+14 9
+1 3
+4 12
-29 4

fn=(544) _IO_cleanup
918 2
+3 1
-3 8
+3 1
cfn=(546)
calls=1 749 
* 114
-72 1
+72 1
-72 2
+1 11
+3 1
-3 1
+3 1
-3 1
+3 1
fi=(111)
+17 2
fe=(98)
-7 1
fi=(111)
+7 2
fe=(98)
+23 3
-40 9
+2 9
+2 6
+6 12
+8 2
+9 1
fi=(111)
-8 2
+1 2
fe=(98)
+7 4
cfi=(97)
cfn=(552)
calls=1 389 
* 83
+2 3
+4 5
+1 9
+10 9
+1 2
+35 12
-62 3
+2 2
+2 1
+1 1
-1 1
+2 3
-28 4
+14 4

fn=(554)
479 2
fi=(111)
870 1
fe=(98)
479 3
fi=(111)
870 1
fe=(98)
479 3
+1 1
fi=(111)
870 1
+2 2
+1 2
fe=(98)
480 2
cfi=(97)
cfn=(556)
calls=1 807 
* 17
* 3
+2 2
+7 1
-7 1
+10 2
+2 1
-2 1
+1 3
+2 6
-11 1
348 1
485 1
-1 1
+1 1
348 3
+7 1
-5 1
+1 1
+4 2

fl=(95) /build/glibc-OTsEL5/glibc-2.27/libio/ioputs.c
fn=(358) puts
33 18
+2 3
cfi=(96) /build/glibc-OTsEL5/glibc-2.27/string/../sysdeps/x86_64/multiarch/strlen-avx2.S
cfn=(362) __strlen_avx2
calls=3 +17 
* 57
* 3
+1 3
-1 3
+1 51
+3 10
+1 1
fi=(111)
870 3
+2 2
+1 2
fe=(95)
40 2
fi=(111)
870 6
+2 4
+1 4
fe=(95)
40 9
cfi=(97)
cfn=(364)
calls=3 1220 
* 64135
* 6
+1 12
+1 12
fi=(111)
796 6
+1 24
fe=(95)
46 21
-8 4
+3 6
cfi=(98)
cfn=(426)
calls=3 217 
* 489
* 6

fl=(119) /build/glibc-OTsEL5/glibc-2.27/stdlib/exit.c
fn=(498) __run_exit_handlers
40 9
+5 1
-5 1
+5 2
+11 14
+3 2
+2 5
+16 2
+35 6
+2 2
-44 6
+2 1
+1 1
-1 1
+4 4
+1 6
+29 1
-3 1
+5 1
-2 2
+2 2
cob=(1)
cfi=(121)
cfn=(502)
calls=1 -78 
* 722
+1 1
+11 1
+1 1
-1 1
+1 1
+5 4
-73 1
+12 1
+1 4
+63 2
+1 11
cfi=(98)
cfn=(544)
calls=1 918 
* 343
* 3
+2 2
cfi=(124) /build/glibc-OTsEL5/glibc-2.27/posix/../sysdeps/unix/sysv/linux/_exit.c
cfn=(558) _Exit
calls=1 27 
* 5
-86 1
cfi=(120) /build/glibc-OTsEL5/glibc-2.27/stdlib/cxa_thread_atexit_impl.c
cfn=(500) __call_tls_dtors
calls=1 +99 
* 11
* 1

fn=(496) exit
139 1
-1 1
+1 3
cfn=(498)
calls=1 -99 
* 1186

fl=(122) /build/glibc-OTsEL5/glibc-2.27/stdlib/cxa_finalize.c
fn=(512) __cxa_finalize
30 4
+3 2
-3 10
+3 2
-3 2
+3 10
+3 6
+4 14
-4 6
+58 10
+4 12
-4 6
+12 4
+1 4
cfi=(123) /build/glibc-OTsEL5/glibc-2.27/nptl/unregister-atfork.c
cfn=(514) __unregister_atfork
calls=2 -79 
* 32
+2 8
+1 16

fl=(91) /build/glibc-OTsEL5/glibc-2.27/setjmp/../sysdeps/x86_64/bsd-_setjmp.S
fn=(346) _setjmp
30 1
+2 1
cfi=(92) /build/glibc-OTsEL5/glibc-2.27/setjmp/../sysdeps/x86_64/setjmp.S
cfn=(348) __sigsetjmp
calls=1 -6 
* 27

fl=(108)
fn=(414)
46 2
+1 2
cfi=(109) /build/glibc-OTsEL5/glibc-2.27/misc/sbrk.c
cfn=(416) sbrk
calls=2 -15 
* 72
+2 6
+3 4

fl=(60)
fn=(212)
32 1
-2 1
+2 2
-2 3
fi=(126) /build/glibc-OTsEL5/glibc-2.27/string/../sysdeps/x86_64/multiarch/rawmemchr.c
+1 1
fe=(60)

fn=(204)
32 1
-2 1
+2 2
-2 3
fi=(127) /build/glibc-OTsEL5/glibc-2.27/string/../sysdeps/x86_64/multiarch/strrchr.c
-2 1
fe=(60)

fn=(230)
32 2
-2 2
+2 4
-2 6
fi=(128) /build/glibc-OTsEL5/glibc-2.27/string/../sysdeps/x86_64/multiarch/strnlen.c
+1 2
fe=(60)

fn=(250)
32 1
-2 1
+2 2
-2 3
fi=(129) /build/glibc-OTsEL5/glibc-2.27/string/../sysdeps/x86_64/multiarch/strlen.c
-1 1
fe=(60)

fn=(252)
32 1
-2 1
+2 2
-2 3
fi=(130) /build/glibc-OTsEL5/glibc-2.27/string/../sysdeps/x86_64/multiarch/memrchr.c
-1 1
fe=(60)

fn=(258)
32 1
-2 1
+2 2
-2 3
fi=(131) /build/glibc-OTsEL5/glibc-2.27/string/../sysdeps/x86_64/multiarch/memchr.c
-1 1
fe=(60)

fn=(268)
32 1
-2 1
+2 2
-2 3
fi=(132) /build/glibc-OTsEL5/glibc-2.27/string/../sysdeps/x86_64/multiarch/strchrnul.c
+1 1
fe=(60)

fl=(77)
fn=(274)
42 2
fi=(62) /build/glibc-OTsEL5/glibc-2.27/time/../sysdeps/generic/dl-hash.h
+2 1
+1 1
fe=(77)
-3 3
fi=(62)
+1 1
+5 3
+14 4
-17 3
+3 9
+14 12
-17 9
+22 1
fe=(77)
-25 6
cfi=(63) /build/glibc-OTsEL5/glibc-2.27/elf/../sysdeps/unix/sysv/linux/dl-vdso.c
cfn=(210) _dl_vdso_vsym
calls=1 -17 
* 17
* 5

fl=(92)
fn=(348)
26 1
+9 1
+1 2
+1 1
+4 1
+1 1
+1 1
+1 1
+1 1
+2 2
+2 1
+1 1
+1 1
+2 2
+2 1
+8 1
cfi=(93) /build/glibc-OTsEL5/glibc-2.27/setjmp/sigjmp.c
cfn=(350) __sigjmp_save
calls=1 -34 
* 8

fl=(96)
fn=(362)
52 3
+1 3
+1 3
+3 3
+1 3
+1 3
+32 3
+1 3
+1 3
+1 3
+2 3
+1 3
+1 3
+1 3
+6 3
+1 3
+1 3
+4 3
+1 3

fl=(64)
fn=(214)
32 2
-2 2
+2 4
-2 6
fi=(133) /build/glibc-OTsEL5/glibc-2.27/wcsmbs/../sysdeps/x86_64/multiarch/wmemchr.c
+1 2
fe=(64)

fn=(228)
32 2
-2 2
+2 4
-2 6
fi=(134) /build/glibc-OTsEL5/glibc-2.27/wcsmbs/../sysdeps/x86_64/multiarch/wcschr.c
+1 2
fe=(64)

fn=(260)
32 1
-2 1
+2 2
-2 3
fi=(135) /build/glibc-OTsEL5/glibc-2.27/wcsmbs/../sysdeps/x86_64/multiarch/wcslen.c
-1 1
fe=(64)

fl=(84) /build/glibc-OTsEL5/glibc-2.27/string/../sysdeps/x86_64/multiarch/strrchr-avx2.S
fn=(312) __strrchr_avx2
43 1
+1 1
+2 1
+1 1
+3 1
+1 1
+1 1
+2 1
+1 1
+1 1
+1 1
+1 1
+1 1
+2 1
+1 1
+12 1
+1 1
216 1
+1 1
+1 1
+1 1
+1 1
+2 1
+1 1
+1 1
+1 1
+1 1

fl=(56)
fn=(240)
44 5
+4 2
-1 2
+12 2
+2 5

fn=(216)
44 5
+4 2
-1 2
+12 2
+2 5

fn=(194)
44 10
+4 4
-1 4
+12 4
+2 10

fl=(99)
fn=(370)
78 8
+6 4
fi=(111)
870 3
+2 2
+1 2
fe=(99)
84 3
cfi=(97)
cfn=(372)
calls=1 1169 
* 14
* 2
+2 4
+11 4
+4 2
cob=(2)
cfi=(18)
cfn=(376) 0x0000000004c4d2c0
calls=1 0 
* 63360
* 1
+2 1
-1 2
+2 4
cfi=(98)
cfn=(420)
calls=1 347 
* 18
+1 1
+1 8
-15 1
fi=(136) /build/glibc-OTsEL5/glibc-2.27/libio/../misc/sys/sysmacros.h
-12 6
fe=(99)
+12 1
-2 2
+5 2

fl=(117)
fn=(460)
204 113
+1 113
+1 113
+13 113
+1 113
+44 113
+1 113
+2 108
+1 108
+1 108
+1 108
+1 106
+1 106
+1 83
+1 83
+1 83
+2 83
+14 5
+1 5
+1 5
+1 5
+1 5
+11 2
+1 2
+1 2
+1 2
+1 2
+3 23
+1 23
+1 23
+1 23
+1 23

fl=(85) /build/glibc-OTsEL5/glibc-2.27/ctype/ctype-info.c
fn=(314) __ctype_init
31 5
+2 1
+2 1
-4 1
+4 1
-4 1
+2 3
+2 2
+1 1

fl=(83) /build/glibc-OTsEL5/glibc-2.27/misc/init-misc.c
fn=(308) __init_misc
31 2
-1 3
+1 4
+2 3
cfi=(84)
cfn=(312)
calls=1 +10 
* 27
* 1
+4 5
+1 3
+2 4

fl=(73)
fn=(244)
32 4
-2 2
+2 4
-2 4
+5 2
-1 8
fi=(137) /build/glibc-OTsEL5/glibc-2.27/wcsmbs/../sysdeps/x86_64/multiarch/wmemset.c
-3 2
fe=(73)

fl=(124)
fn=(558)
27 2
+4 1
+2 2

fl=(67)
fn=(222)
38 4
+1 3
+9 1

fl=(69)
fn=(226)
42 5
+4 2
-1 4
+12 2
+2 5

fl=(116) /build/glibc-OTsEL5/glibc-2.27/stdio-common/_itoa.c
fn=(456) _itoa_word
168 212
+2 106
+9 1018
+9 106

fl=(86)
fn=(316)
488 7
+14 6
758 2
+2 1
+1 1
+2 1
-3 1
+5 1
-5 1
+4 3
+4 2
+3 2
+2 1
+1 1
+2 1
-3 1
+5 1
-5 1
+4 3
+9 1
+2 8
-2 1
+3 8
500 1
+4 1
-4 1
+4 1
cfn=(318) handle_intel.constprop.1
calls=1 259 
* 469
+2 1
-2 1
+2 1
cfn=(318)
calls=1 259 
* 515
+5 1
-5 1
+5 1
cfn=(318)
calls=1 259 
* 542
+8 1
-8 1
+8 1
+11 1
-20 1
+25 3
+4 2
+8 6
+3 2
+9 6
+14 2
+4 1
+3 1
+1 1
-4 1
+3 1
-3 1
+3 1
+6 8
-39 3
+3 9
+6 6
-6 3
+6 2
+3 20
+5 2
+4 1
+1 1
-1 3
691 4
+1 5
+4 2
+59 2
592 2
+8 1
+2 1
-2 6
+2 4
-2 1
+4 1
+23 2
-25 2
+2 6
+2 6
+3 2
+1 8
+2 4
+3 2
+5 1
+2 2
+1 1
-1 1
+2 1
-2 1
+1 2
+27 2
+1 1
+1 2
+2 1
-1 1
+1 1
-24 3
+4 2
+3 1
+2 4
+1 1
+5 2

fn=(320) intel_check_word.isra.0
132 12
+6 6
-10 18
+10 6
-10 6
+10 6
-10 6
+10 12
-10 6
+10 6
+2 6
-2 6
+2 18
250 12
140 24
+2 15
+2 30
+8 30
+51 24
+22 12
fi=(87) /build/glibc-OTsEL5/glibc-2.27/string/../bits/stdlib-bsearch.h
28 12
-1 24
+4 24
+1 12
fe=(86)
+87 24
fi=(87)
-88 138
+1 69
fe=(86)
+87 138
+3 81
fi=(87)
-93 252
+8 15
-8 36
fe=(86)
134 3
255 36
-91 9
+3 9
-6 13
+3 4
+9 4
+5 14
+1 10
+17 5
-32 15
+3 15
+4 14
+2 28
+2 14
+2 8
+4 3
+2 6
+2 3
+2 3
-2 3
+2 6
-2 3
+3 9
-2 12
+2 6
-24 2
+7 2
+2 4

fn=(318)
259 21
+2 3
-2 9
+5 9
+8 3
+1 3
-3 3
+5 12
+6 6
+5 3
-5 9
+5 3
+2 3
+1 3
-1 3
+5 18
cfn=(320)
calls=3 132 
* 1035
+2 6
+3 21
cfn=(320)
calls=3 132 
* 314
+2 6
+19 33

fl=(61)
fn=(206)
43 2
fi=(62)
+1 1
+1 1
fe=(61)
-2 4
fi=(62)
+5 3
+14 4
-17 3
+3 9
+14 12
-17 9
+22 1
fe=(61)
-24 6
cfi=(63)
cfn=(210)
calls=1 -18 
* 17
* 5

fl=(113) /build/glibc-OTsEL5/glibc-2.27/stdio-common/printf.c
fn=(448) printf
28 319
+4 29
+1 58
-1 145
+1 87
cfi=(114) /build/glibc-OTsEL5/glibc-2.27/stdio-common/vfprintf.c
cfn=(450) vfprintf
calls=29 1244 
* 30617
+4 145

fl=(89) /build/glibc-OTsEL5/glibc-2.27/csu/../csu/libc-start.c
fn=(328) (below main)
137 8
+4 1
-4 2
+4 2
+98 1
-98 1
+98 1
+1 4
cfi=(90) /build/glibc-OTsEL5/glibc-2.27/stdlib/cxa_atexit.c
cfn=(330) __cxa_atexit
calls=1 65 
* 65
+22 4
+3 2
+1 5
cob=(5)
cfi=(88)
cfn=(334) __libc_csu_init
calls=1 0 
* 57
+4 4
+15 2
+12 2
cfi=(91)
cfn=(346)
calls=1 30 
* 29
+1 2
+5 2
+1 2
+3 2
+3 6
cob=(5)
cfi=(94) /home/felix/Documents/C-Praktikum/Blatt06/Uebungsmaterial/06_debugging_and_valgrind_exercise_03.c
cfn=(352) main
calls=1 +54 
* 109424
+34 2
cfi=(119)
cfn=(496)
calls=1 139 
* 1191

fl=(123)
fn=(514)
28 8
+8 2
-8 6
+11 4
+82 12

fl=(104) /build/glibc-OTsEL5/glibc-2.27/elf/dl-addr.c
fn=(384) _dl_addr
126 9
+2 1
-2 1
+5 1
-5 1
+5 2
cob=(1)
cfi=(2)
cfn=(52)
calls=1 784 
* 2
+2 2
cob=(1)
cfi=(105)
cfn=(392)
calls=1 -62 
* 1117
* 5
+2 3
30 1
+1 1
-1 1
+1 1
+3 2
+5 1
+6 1
-7 1
+2 3
+2 3
+3 1
+5 7
-6 2
+6 4043
+2 1010
+1 2020
-1 1
+1 2
+2 3664
+9 2052
+7 28
-2 28
+2 2353
-2 2297
+2 6003
-10 11625
+2 9300
+1 14806
+36 2
+1 1
+1 3
+3 2
+36 2
cob=(1)
cfi=(2)
cfn=(54)
calls=1 790 
* 2
+3 9
-27 1
+1 1
+20 2

fl=(90)
fn=(330)
65 7
-26 2
+26 1
-26 5
+1 2
cfn=(332) __new_exitfn
calls=1 +44 
* 29
+2 2
+7 2
+3 1
-1 1
+2 1
+1 1
+1 4
+1 1
+11 6

fn=(332)
84 2
-6 2
+1 2
-1 1
+11 5
+2 3
-2 1
+10 2
-10 2
+45 1
+1 1
+4 4
-19 1
+1 2

fl=(65)
fn=(218)
33 5
-1 2
+2 2
+1 3
fi=(66) /build/glibc-OTsEL5/glibc-2.27/string/../sysdeps/x86_64/multiarch/memcmp.c
-6 1
fe=(65)

fl=(103)
fn=(382) ptmalloc_init.part.0
289 2
+5 1
-5 3
+13 2
+6 1
fi=(101)
1816 2
fe=(103)
308 12
fi=(101)
1816 13
+1 1
-1 3
+1 11
-1 390
+1 30
-1 90
+1 331
fe=(103)
313 1
fi=(101)
1825 1
fe=(103)
313 4
fi=(101)
1817 7
+11 1
-11 4
+9 1
fe=(103)
313 1
fi=(101)
1828 1
fe=(103)
313 1
cob=(1)
cfi=(105)
cfn=(392)
calls=1 71 
* 1027
* 5
+1 4
cob=(1)
cfi=(9)
cfn=(26)
calls=1 +59 
* 18
* 1
+1 4
cob=(1)
cfi=(9)
cfn=(26)
calls=1 +58 
* 19
* 1
+1 4
cob=(1)
cfi=(9)
cfn=(26)
calls=1 +57 
* 18
* 1
+1 4
cob=(1)
cfi=(9)
cfn=(26)
calls=1 +56 
* 18
* 1
+1 4
cob=(1)
cfi=(9)
cfn=(26)
calls=1 +55 
* 19
* 1
+1 4
cob=(1)
cfi=(9)
cfn=(26)
calls=1 +54 
* 18
* 1
+1 4
cob=(1)
cfi=(9)
cfn=(26)
calls=1 +53 
* 18
* 1
+2 4
cob=(1)
cfi=(9)
cfn=(26)
calls=1 +51 
* 18
* 1
+1 4
cob=(1)
cfi=(9)
cfn=(26)
calls=1 +50 
* 18
* 1
+1 4
cob=(1)
cfi=(9)
cfn=(26)
calls=1 +49 
* 18
* 1
+71 2
+1 2
+4 2
-1 1
+1 4
-97 5
cfi=(104)
cfn=(384)
calls=1 126 
* 60426
* 2
+1 4

fl=(100)
fn=(374)
34 1
-1 1
+1 1
+1 6
+4 1

fl=(114)
fn=(450)
1244 406
+31 87
+8 87
+4 145
+11 116
+11 29
fi=(138) /build/glibc-OTsEL5/glibc-2.27/stdio-common/printf-parse.h
108 58
fe=(114)
1309 87
fi=(138)
108 29
cfi=(115) /build/glibc-OTsEL5/glibc-2.27/string/../sysdeps/x86_64/multiarch/strchr-avx2.S
cfn=(454) __strchrnul_avx2
calls=29 -63 
* 522
* 29
fe=(114)
1324 29
fi=(138)
108 29
fe=(114)
1324 174
+1 377
+3 29
fi=(139) /build/glibc-OTsEL5/glibc-2.27/stdio-common/../libio/libioP.h
870 87
+2 29
-2 29
+2 29
-2 29
+3 58
fe=(114)
1328 174
cfi=(97)
cfn=(364)
calls=29 1220 
* 1291
* 58
1696 145
+1 87
+3 348
1283 58
+45 58
+4 87
+4 232
-57 29
+34 29
-8 29
-59 58
1378 795
-3 53
-5 53
-4 53
-1 53
-1 53
-1 53
-1 53
-1 53
-1 53
+15 53
-16 53
-1 53
-1 53
+14 53
-4 53
+8 53
-1 106
1696 174
-36 53
+2 106
+8 53
fi=(138)
108 212
cfi=(115)
cfn=(454)
calls=53 -63 
* 974
* 53
fe=(114)
1674 53
fi=(138)
108 53
fe=(114)
1674 159
fi=(139)
872 159
+1 106
fe=(114)
1674 371
cfi=(97)
cfn=(364)
calls=53 1220 
* 8340
* 371
+2 53
-2 53
+2 135
-34 636
cfi=(116)
cfn=(456)
calls=53 168 
* 1442
* 1792
1324 116
1642 934
fi=(139)
872 159
+1 106
fe=(114)
1642 265
cfi=(97)
cfn=(364)
calls=53 1220 
* 3954
* 1135
+1 144
-1 1530

fl=(57)
fn=(238)
33 4
+3 4
fi=(140) /build/glibc-OTsEL5/glibc-2.27/string/../sysdeps/x86_64/multiarch/strcpy.c
-7 1
fe=(57)

fn=(266)
33 4
+3 4
fi=(141) /build/glibc-OTsEL5/glibc-2.27/string/../sysdeps/x86_64/multiarch/stpcpy.c
-3 1
fe=(57)

fn=(196)
33 4
+3 4
fi=(142) /build/glibc-OTsEL5/glibc-2.27/string/../sysdeps/x86_64/multiarch/strncpy.c
-7 1
fe=(57)

ob=(5)
fl=(94)
fn=(352)
364 2
+1 2
cfn=(354) test1
calls=1 -92 
* 67892
+1 2
cob=(3)
cfi=(118) /build/glibc-OTsEL5/glibc-2.27/libio/putchar.c
cfn=(474) putchar
calls=1 25 
* 203
* 1
+1 2
cfn=(478) test2
calls=1 -76 
* 6967
+1 2
cob=(3)
cfi=(118)
cfn=(474)
calls=1 25 
* 203
* 1
+1 2
cfn=(488) test3
calls=1 -45 
* 34142
+1 1
+1 2

fn=(438) createStructStorage
33 9
+1 6
cob=(3)
cfi=(101)
cfn=(378)
calls=3 3028 
* 479
* 3
* 3
+1 6
cob=(3)
cfi=(101)
cfn=(378)
calls=3 3028 
* 479
* 3
* 3
+4 6
+1 6
+2 9
+1 9
+2 9
+1 9
+2 3
+1 6

fn=(464) freeStructStorage
235 12
+1 9
cfn=(466) deleteAll
calls=3 -23 
* 546
+2 9
+2 12
cob=(3)
cfi=(101)
cfn=(470)
calls=3 3086 
* 84
* 3
+1 12
cob=(3)
cfi=(101)
cfn=(470)
calls=3 3086 
* 84
* 3
+2 9
cob=(3)
cfi=(101)
cfn=(470)
calls=3 3086 
* 227
* 3
+1 9
cob=(3)
cfi=(101)
cfn=(470)
calls=3 3086 
* 244
* 3
+1 9

fn=(492) printRange
132 12
+1 10
cfn=(482) iterateTo
calls=2 -74 
* 30
* 2
+2 6
+2 40
cfn=(444) printStruct
calls=10 22 
* 11400
+1 30
+1 40
-4 48
+10 4

fn=(486) deleteAt
164 5
+1 5
cfn=(482)
calls=1 59 
* 26
* 1
+2 4
+2 3
+1 4
+1 3
+1 4
+3 4
cob=(3)
cfi=(101)
cfn=(470)
calls=1 3086 
* 70
* 1
+1 3
cob=(3)
cfi=(101)
cfn=(470)
calls=1 3086 
* 70
* 1
+4 3

fn=(480) insertAt
98 6
+1 5
cfn=(482)
calls=1 -40 
* 15
* 1
+1 4
+7 1
+1 2
cob=(3)
cfi=(101)
cfn=(378)
calls=1 3028 
* 219
* 1
* 1
+2 3
+1 3
+1 4
+2 3
+1 3
+1 3
+3 3

fn=(488)
324 4
+1 2
cob=(3)
cfi=(95)
cfn=(358)
calls=1 33 
* 352
* 1
+2 2
cfn=(438)
calls=1 33 
* 112
* 1
+2 2
cob=(3)
cfi=(101)
cfn=(378)
calls=1 3028 
* 219
* 1
* 1
+1 2
+2 70
cob=(3)
cfi=(101)
cfn=(378)
calls=10 3028 
* 1458
* 10
* 10
+1 80
+1 120
+2 100
cfn=(440) insert
calls=10 77 
* 2110
+1 50
cfn=(490) printAt
calls=10 124 
* 12225
-7 32
+10 3
cfn=(484) printSize
calls=1 -89 
* 1000
+2 5
cfn=(492)
calls=1 132 
* 5796
+1 2
cob=(3)
cfi=(118)
cfn=(474)
calls=1 25 
* 203
* 1
+1 5
cfn=(494) deleteRange
calls=1 185 
* 545
+1 5
cfn=(492)
calls=1 132 
* 5826
+1 2
cob=(3)
cfi=(118)
cfn=(474)
calls=1 25 
* 203
* 1
+2 3
cfn=(484)
calls=1 -97 
* 958
+2 3
cfn=(466)
calls=1 213 
* 1351
+2 3
cfn=(484)
calls=1 251 
* 896
+2 3
cfn=(464)
calls=1 235 
* 285
+2 3
cob=(3)
cfi=(101)
cfn=(470)
calls=1 3086 
* 70
* 1
+1 5

fn=(494)
185 6
+1 5
cfn=(482)
calls=1 59 
* 15
* 2
+3 3
+1 2
+2 6
+1 9
+1 12
+5 9
+2 12
cob=(3)
cfi=(101)
cfn=(470)
calls=3 3086 
* 210
* 3
+1 9
cob=(3)
cfi=(101)
cfn=(470)
calls=3 3086 
* 210
* 3
-12 20
+16 3
+1 3
+1 3

fn=(484)
251 20
+1 5
+1 15
+2 5
+2 22
+1 66
-3 108
+6 25
cob=(3)
cfi=(113)
cfn=(448)
calls=5 28 
* 4412
* 5
+1 15

fn=(466)
213 16
+2 12
+1 4
+2 20
+1 30
+1 40
cob=(3)
cfi=(101)
cfn=(470)
calls=10 3086 
* 802
* 10
+1 30
cob=(3)
cfi=(101)
cfn=(470)
calls=10 3086 
* 819
* 10
-5 56
+9 12
+1 12
+1 12
+2 12

fn=(490)
124 50
+1 50
cfn=(482)
calls=10 -66 
* 645
* 10
+1 40
cfn=(444)
calls=10 22 
* 11400
+1 30

fn=(442) printAll
149 8
+1 6
+1 2
+2 12
cfn=(444)
calls=3 22 
* 3429
+1 9
-3 20
+6 6

fn=(444)
22 96
+1 192
cob=(3)
cfi=(113)
cfn=(448)
calls=24 +5 
* 26988
* 24
+1 72

fn=(482)
59 60
+1 45
+1 30
+2 138
+1 184
-3 229
+9 15
+1 30

fn=(354)
273 3
+1 2
cob=(3)
cfi=(95)
cfn=(358)
calls=1 33 
* 64198
* 1
+1 2
cob=(3)
cfi=(101)
cfn=(378)
calls=1 3028 
* 217
* 1
* 1
+1 2
+1 2
+2 2
cfn=(438)
calls=1 33 
* 468
* 1
+1 5
cfn=(440)
calls=1 77 
* 254
+3 3
cfn=(442)
calls=1 149 
* 1169
+1 3
cfn=(444)
calls=1 22 
* 1143
+2 3
cfn=(464)
calls=1 -51 
* 409
+1 3

fn=(440)
77 65
+2 39
+2 13
+1 26
cob=(3)
cfi=(101)
cfn=(378)
calls=13 3028 
* 2417
* 13
* 13
+2 39
+1 39
+1 52
+2 39
+1 39
+1 39
+2 39

fn=(478)
291 4
+1 2
cob=(3)
cfi=(95)
cfn=(358)
calls=1 33 
* 352
* 1
+2 2
cob=(3)
cfi=(101)
cfn=(378)
calls=1 3028 
* 41
* 1
* 1
+1 2
+2 21
cob=(3)
cfi=(101)
cfn=(378)
calls=3 3028 
* 117
* 3
* 3
+1 24
+1 36
-4 11
+8 2
cfn=(438)
calls=1 33 
* 468
* 1
+2 6
cfn=(440)
calls=1 77 
* 254
+1 7
cfn=(440)
calls=1 77 
* 254
+1 7
cfn=(480)
calls=1 98 
* 277
+2 3
cfn=(484)
calls=1 -58 
* 926
+2 4
cfn=(486)
calls=1 164 
* 207
+2 3
cfn=(484)
calls=1 -62 
* 918
+1 3
cfn=(442)
calls=1 149 
* 2323
+2 3
cfn=(464)
calls=1 -81 
* 584
+2 3
cob=(3)
cfi=(101)
cfn=(470)
calls=1 3086 
* 87
* 1
+1 5

fl=(88)
fn=(504)
0 8
cob=(2)
cfi=(18)
cfn=(510) 0x0000000000108650
calls=1 0 
0 75
0 1
cfn=(518) 0x0000000000000690
calls=1 0 
0 8
0 3

fn=(340) 0x0000000000000760
0 17

fn=(326)
0 11
cob=(3)
cfi=(89)
cfn=(328)
calls=1 137 
0 110821

fn=(334)
0 15
cob=(2)
cfi=(18)
cfn=(336) 0x00000000001085d0
calls=1 0 
0 6
0 8
cfn=(340)
calls=1 0 
0 17
0 11

fn=(518)
0 8

ob=(3)
fl=(57)
fn=(202)
33 4
+3 4
fi=(143) /build/glibc-OTsEL5/glibc-2.27/string/../sysdeps/x86_64/multiarch/strcat.c
-7 1
fe=(57)

fn=(264)
33 4
+3 4
fi=(144) /build/glibc-OTsEL5/glibc-2.27/string/../sysdeps/x86_64/multiarch/stpncpy.c
-5 1
fe=(57)

fl=(72)
fn=(242)
40 1
-2 1
+2 2
-2 2
+11 1

fl=(118)
fn=(474)
25 4
+2 4
-2 4
+2 68
+1 16
fi=(111)
796 8
+1 32
fe=(118)
31 12
-3 4
cfi=(98)
cfn=(426)
calls=4 217 
* 652
* 8

fl=(102)
fn=(380)
29 5
fi=(103)
291 1
fe=(102)
30 1
fi=(103)
291 1
fe=(102)
30 1
fi=(103)
291 1
fi=(101)
3039 7
+3 1
-2 2
+2 3
+13 4
+2 3
cfn=(410)
calls=1 3521 
* 158
+1 1
-1 1
+1 6
-19 4
-56 5
cfn=(408)
calls=1 +3 
* 496
+62 3
+2 5
+1 3
fe=(102)
33 6
cfi=(103)
cfn=(382)
calls=1 289 
* 62626
* 1
fi=(101)
3034 2
fe=(102)

fl=(109)
fn=(416)
32 2
+8 2
-8 6
+8 9
+1 2
cfi=(110) /build/glibc-OTsEL5/glibc-2.27/misc/../sysdeps/unix/sysv/linux/x86_64/brk.c
cfn=(418) brk
calls=1 -10 
* 12
* 3
+3 4
+4 6
+12 5
-4 2
cfi=(110)
cfn=(418)
calls=1 -25 
* 12
* 2
+4 5

fl=(80)
fn=(302)
52 8
+3 3
+14 1
fi=(81) /build/glibc-OTsEL5/glibc-2.27/csu/../sysdeps/generic/dl-hash.h
-25 1
fe=(80)
+23 1
+1 1
fi=(81)
-23 1
fe=(80)
+24 1
fi=(82) /build/glibc-OTsEL5/glibc-2.27/csu/../sysdeps/unix/sysv/linux/x86_64/init-first.c
-33 4
fi=(81)
+7 1
+5 3
+14 4
-17 3
+3 9
+14 12
-17 9
+22 1
fi=(82)
-31 2
+2 2
-2 1
+2 2
cfi=(63)
cfn=(210)
calls=1 -13 
* 17
+2 1
+4 1
-4 1
+4 1
-4 1
+1 2
+1 1
+2 1
cfi=(63)
cfn=(210)
calls=1 -19 
* 17
fe=(80)
+37 3
fi=(82)
-36 2
+1 1
fe=(80)
+35 1
cfi=(83)
cfn=(308)
calls=1 -50 
* 52
+3 1
cfi=(85)
cfn=(314)
calls=1 -53 
* 16
+5 6
-27 1
-7 1
+7 4

fl=(63)
fn=(210)
25 20
+1 8
+4 8
+18 24
-21 4
+20 4

fl=(115)
fn=(454)
45 82
+2 82
+1 82
+1 82
+2 82
+1 82
+1 82
+4 77
+1 77
+1 77
+1 77
+1 77
+1 77
+1 77
+11 5
+1 5
+1 5
+1 5
+1 5
+1 5
+1 5
+2 5
+1 5
+1 5
+2 5
+1 5
+2 5
+7 5
+1 5
+87 77
+2 77
+7 77
+1 77

fl=(74)
fn=(248)
40 2
-2 1
+2 2
-2 2
+11 1

fl=(110)
fn=(418)
31 16
+8 2
-6 4
+7 2

fl=(112)
fn=(432)
27 288
+1 36

fl=(70)
fn=(246)
30 5
fi=(145) /build/glibc-OTsEL5/glibc-2.27/string/../sysdeps/x86_64/multiarch/strpbrk.c
-1 1
fe=(70)

fn=(232)
30 5
fi=(146) /build/glibc-OTsEL5/glibc-2.27/string/../sysdeps/x86_64/multiarch/strcspn.c
-1 1
fe=(70)

fn=(262)
30 5
fi=(147) /build/glibc-OTsEL5/glibc-2.27/string/../sysdeps/x86_64/multiarch/strspn.c
-1 1
fe=(70)

fl=(120)
fn=(500)
145 3
+1 4
+18 4

fl=(58)
fn=(234)
32 5
fi=(71) /build/glibc-OTsEL5/glibc-2.27/string/../sysdeps/x86_64/multiarch/strncase.c
-1 1
fe=(58)

fn=(254)
32 5
fi=(75) /build/glibc-OTsEL5/glibc-2.27/string/../sysdeps/x86_64/multiarch/strcasecmp_l.c
-1 1
fe=(58)

fn=(270)
32 5
fi=(76) /build/glibc-OTsEL5/glibc-2.27/string/../sysdeps/x86_64/multiarch/strncase_l.c
-1 1
fe=(58)

fn=(198)
32 5
fi=(59) /build/glibc-OTsEL5/glibc-2.27/string/../sysdeps/x86_64/multiarch/strcasecmp.c
-1 1
fe=(58)

fl=(93)
fn=(350)
29 1
-1 2
+1 2
+5 3

fl=(68)
fn=(224)
38 4
+3 4
+6 1

ob=(4)
fl=(79)
fn=(296)
0 17

fn=(526)
0 8
cob=(2)
cfi=(18)
cfn=(532) 0x0000000004a2a560
calls=1 0 
0 75
0 1
cfn=(536) 0x0000000000000570
calls=1 0 
0 8
0 3

fn=(536)
0 8

ob=(2)
fl=(18)
fn=(524)
0 3

fn=(376)
0 1
cob=(3)
cfi=(101)
cfn=(378)
calls=1 3028 
0 63359

fn=(336)
0 6

fn=(88)
0 1
cob=(1)
cfi=(19)
cfn=(90)
calls=1 111 
0 4

fn=(532)
0 1
cob=(3)
cfi=(122)
cfn=(512)
calls=1 30 
0 74

fn=(542)
0 3

fn=(510)
0 1
cob=(3)
cfi=(122)
cfn=(512)
calls=1 30 
0 74

fn=(292)
0 6

totals: 237080
